1 1.0
2 8.12403840463596
3 1.0
4 1.0
5 1.0
6 7.54983443527075
7 1.0
8 1.0
9 1.0
10 1.0
11 1.0
12 1.0
13 11.40175425099138
14 1.0
15 16.0
16 15.556349186104045
17 15.556349186104045
18 1.0
19 32.341923257592455
20 31.921779399024736
21 8.48528137423857
22 19.467922333931785
23 27.459060435491963
24 1.0
25 1.0
26 1.4142135623730951
27 17.26267650163207
28 20.0
29 29.0
30 12.727922061357855
31 1.0
32 16.0312195418814
33 29.017236257093817
34 25.553864678361276
35 1.7320508075688772
36 19.44222209522358
37 1.0
38 1.7320508075688772
39 1.0
40 37.57658845611187
41 1.0
42 1.7320508075688772
43 2.0
44 24.839484696748443
45 4.358898943540674
46 2.23606797749979
47 3.0
48 1.7320508075688772
49 5.0990195135927845
50 2.23606797749979
51 1.4142135623730951
52 5.916079783099616
53 1.4142135623730951
54 2.8284271247461903
55 21.18962010041709
56 10.04987562112089
57 1.0
58 33.24154027718932
59 15.033296378372908
60 11.180339887498949
61 1.0
62 1.0
63 1.4142135623730951
64 1.4142135623730951
65 49.37610758251404
66 48.13522618623496
67 31.0
68 1.0
69 1.0
70 16.911534525287763
71 42.720018726587654
72 1.0
73 1.4142135623730951
74 1.0
75 1.4142135623730951
76 16.64331697709324
77 1.0
78 19.1049731745428
79 49.24428900898052
80 4.358898943540674
81 1.0
82 1.4142135623730951
83 1.0
84 20.8806130178211
85 2.0
86 1.4142135623730951
87 1.0
88 1.0
89 1.0
90 3.0
91 1.0
92 2.0
93 30.033314835362415
94 1.0
95 1.0
96 10.488088481701515
97 1.4142135623730951
98 1.0
99 1.0
100 21.656407827707714
101 1.4142135623730951
102 35.94440151122286
103 1.0
104 24.041630560342615
105 9.539392014169456
106 1.0
107 1.0
108 1.0
109 1.7320508075688772
110 1.0
111 1.0
112 1.0
113 17.204650534085253
114 5.0
115 1.4142135623730951
116 1.0
117 1.0
118 1.4142135623730951
119 1.0
120 1.0
121 1.0
122 1.4142135623730951
123 24.24871130596428
124 34.07345007480164
125 23.769728648009426
126 1.7320508075688772
127 1.4142135623730951
128 1.4142135623730951
129 2.8284271247461903
130 1.4142135623730951
131 51.720402163943
132 1.4142135623730951
133 4.69041575982343
134 1.0
135 1.0
136 1.0
137 31.38470965295043
138 11.575836902790225
139 1.0
140 14.142135623730951
141 1.0
142 1.4142135623730951
143 1.0
144 9.695359714832659
145 1.7320508075688772
146 31.20897306865447
147 1.4142135623730951
148 1.7320508075688772
149 7.810249675906654
150 22.090722034374522
151 1.7320508075688772
152 16.97056274847714
153 1.7320508075688772
154 1.4142135623730951
155 1.7320508075688772
156 1.4142135623730951
157 1.0
158 1.4142135623730951
159 26.77685567799177
160 1.0
161 2.23606797749979
162 1.7320508075688772
163 1.4142135623730951
164 1.4142135623730951
165 10.63014581273465
166 2.449489742783178
167 11.575836902790225
168 2.449489742783178
169 22.825424421026653
170 1.4142135623730951
171 1.4142135623730951
172 56.586217403180434
173 3.4641016151377544
174 1.4142135623730951
175 1.7320508075688772
176 2.23606797749979
177 1.0
178 1.4142135623730951
179 1.0
180 1.7320508075688772
181 2.23606797749979
182 9.433981132056603
183 1.4142135623730951
184 5.0
185 1.4142135623730951
186 1.4142135623730951
187 34.72751070837067
188 3.4641016151377544
189 1.4142135623730951
190 1.0
191 17.69180601295413
192 6.928203230275509
193 2.23606797749979
194 1.0
195 2.449489742783178
196 1.4142135623730951
197 1.7320508075688772
198 2.449489742783178
199 30.01666203960727
200 2.23606797749979
201 1.0
202 6.4031242374328485
203 1.4142135623730951
204 1.4142135623730951
205 1.0
206 5.196152422706632
207 15.588457268119896
208 18.0
209 2.23606797749979
210 25.238858928247925
211 1.0
212 5.196152422706632
213 2.449489742783178
214 18.81488772222678
215 1.7320508075688772
216 1.0
217 26.92582403567252
218 23.345235059857504
219 24.186773244895647
220 3.0
221 1.0
222 21.213203435596427
223 6.6332495807108
224 1.7320508075688772
225 36.124783736376884
226 1.4142135623730951
227 25.03996805109783
228 10.392304845413264
229 3.4641016151377544
230 1.4142135623730951
231 1.0
232 1.7320508075688772
233 15.652475842498529
234 19.05255888325765
235 2.449489742783178
236 2.449489742783178
237 1.0
238 1.4142135623730951
239 1.0
240 1.4142135623730951
241 39.89987468652001
242 1.0
243 1.0
244 12.727922061357855
245 2.449489742783178
246 43.2087954009366
247 1.0
248 8.831760866327848
249 2.449489742783178
250 1.7320508075688772
251 1.0
252 3.4641016151377544
253 1.0
254 1.4142135623730951
255 12.12435565298214
256 1.7320508075688772
257 1.4142135623730951
258 1.4142135623730951
259 1.4142135623730951
260 1.4142135623730951
261 1.4142135623730951
262 2.449489742783178
263 1.7320508075688772
264 1.0
265 1.7320508075688772
266 1.0
267 1.4142135623730951
268 1.7320508075688772
269 1.7320508075688772
270 1.4142135623730951
271 1.4142135623730951
272 1.4142135623730951
273 1.4142135623730951
274 1.0
275 21.02379604162864
276 3.605551275463989
277 1.0
278 1.0
279 37.3496987939662
280 1.4142135623730951
281 24.0
282 1.4142135623730951
283 22.715633383201094
284 2.449489742783178
285 4.123105625617661
286 2.0
287 21.213203435596427
288 1.4142135623730951
289 4.69041575982343
290 1.0
291 1.0
292 1.0
293 1.4142135623730951
294 14.866068747318506
295 1.4142135623730951
296 1.0
297 1.0
298 19.235384061671343
299 1.0
300 2.449489742783178
301 36.373066958946424
302 34.14674215792775
303 1.0
304 1.4142135623730951
305 1.4142135623730951
306 8.12403840463596
307 1.7320508075688772
308 18.49324200890693
309 1.0
310 8.12403840463596
311 1.0
312 18.411952639521967
313 2.23606797749979
314 1.0
315 1.0
316 10.770329614269007
317 1.0
318 1.0
319 22.02271554554524
320 2.0
321 1.0
322 1.0
323 1.7320508075688772
324 1.0
325 1.0
326 1.0
327 1.0
328 1.0
329 1.0
330 1.0
331 1.0
332 12.206555615733702
333 1.7320508075688772
334 10.392304845413264
335 1.0
336 1.4142135623730951
337 1.0
338 7.54983443527075
339 1.0
340 1.0
341 1.0
342 1.0
343 45.0
344 1.0
345 1.0
346 1.0
347 5.0
348 13.0
349 1.4142135623730951
350 1.0
351 1.0
352 1.0
353 1.4142135623730951
354 1.4142135623730951
355 3.0
356 1.0
357 1.0
358 1.0
359 1.0
360 1.0
361 36.08323710533743
362 1.0
363 1.0
364 14.2828568570857
365 4.123105625617661
366 1.0
367 1.7320508075688772
368 3.605551275463989
369 1.7320508075688772
370 1.4142135623730951
371 1.4142135623730951
372 3.605551275463989
373 1.4142135623730951
374 2.0
375 29.563490998188964
376 1.7320508075688772
377 1.4142135623730951
378 3.0
379 1.0
380 1.7320508075688772
381 3.605551275463989
382 1.4142135623730951
383 2.23606797749979
384 4.69041575982343
385 3.4641016151377544
386 2.449489742783178
387 24.413111231467404
388 1.7320508075688772
389 2.449489742783178
390 1.0
391 1.0
392 1.4142135623730951
393 2.8284271247461903
394 1.4142135623730951
395 24.1039415863879
396 1.0
397 1.0
398 8.660254037844387
399 53.27288240746881
400 2.449489742783178
401 1.4142135623730951
402 2.23606797749979
403 1.0
404 4.123105625617661
405 1.4142135623730951
406 1.4142135623730951
407 1.4142135623730951
408 1.0
409 1.0
410 16.278820596099706
411 25.25866188063018
412 2.8284271247461903
413 3.4641016151377544
414 1.0
415 10.862780491200215
416 1.7320508075688772
417 1.0
418 3.0
419 1.0
420 2.449489742783178
421 1.0
422 1.4142135623730951
423 1.0
424 2.449489742783178
425 2.0
426 1.0
427 27.313000567495326
428 1.4142135623730951
429 1.4142135623730951
430 5.196152422706632
431 5.656854249492381
432 3.0
433 1.4142135623730951
434 1.0
435 4.242640687119285
436 4.242640687119285
437 1.0
438 1.0
439 1.0
440 1.4142135623730951
441 19.849433241279208
442 1.0
443 1.0
444 1.7320508075688772
445 1.0
446 16.401219466856727
447 1.0
448 3.0
449 1.0
450 2.449489742783178
451 27.964262908219126
452 1.0
453 1.7320508075688772
454 2.23606797749979
455 1.4142135623730951
456 5.0990195135927845
457 1.0
458 1.0
459 1.0
460 1.0
461 1.4142135623730951
462 1.0
463 2.23606797749979
464 3.605551275463989
465 16.24807680927192
466 1.7320508075688772
467 8.48528137423857
468 1.0
469 1.4142135623730951
470 1.0
471 9.273618495495704
472 12.206555615733702
473 1.4142135623730951
474 2.23606797749979
475 1.4142135623730951
476 1.4142135623730951
477 5.656854249492381
478 30.886890422961002
479 1.4142135623730951
480 1.4142135623730951
481 27.03701166919155
482 1.7320508075688772
483 1.4142135623730951
484 31.811947441173732
485 2.8284271247461903
486 1.0
487 1.0
488 1.0
489 2.23606797749979
490 27.712812921102035
491 1.0
492 1.0
493 1.0
494 27.586228448267445
495 1.0
496 35.11409973215888
497 1.0
498 5.0
499 8.774964387392123
500 20.615528128088304
501 26.0
502 1.0
503 1.0
504 2.23606797749979
505 42.731721238442994
506 1.0
507 1.0
508 1.0
509 1.0
510 1.0
511 3.605551275463989
512 2.23606797749979
513 32.14031735997639
514 9.219544457292887
515 1.4142135623730951
516 7.0710678118654755
517 1.0
518 18.49324200890693
519 2.449489742783178
520 2.0
521 1.0
522 1.0
523 1.0
524 1.0
525 1.0
526 1.0
527 1.0
528 1.0
529 1.0
530 5.0
531 1.4142135623730951
532 1.0
533 1.0
534 1.0
535 1.0
536 1.4142135623730951
537 20.615528128088304
538 31.272991542223778
539 1.4142135623730951
540 1.0
541 23.727621035409346
542 8.774964387392123
543 1.0
544 1.0
545 2.0
546 1.0
547 1.0
548 1.0
549 1.4142135623730951
550 1.4142135623730951
551 5.744562646538029
552 1.0
553 1.0
554 12.206555615733702
555 1.0
556 30.512292604784715
557 1.0
558 1.0
559 1.0
560 7.54983443527075
561 1.0
562 1.0
563 1.0
564 1.0
565 1.7320508075688772
566 1.4142135623730951
567 1.0
568 1.0
569 1.7320508075688772
570 13.45362404707371
571 1.0
572 1.4142135623730951
573 1.0
574 1.0
575 1.0
576 1.4142135623730951
577 1.0
578 1.0
579 1.0
580 1.0
581 2.449489742783178
582 2.449489742783178
583 16.0
584 1.0
585 1.0
586 1.0
587 1.0
588 1.0
589 1.0
590 1.0
591 1.0
592 1.0
593 1.0
594 1.0
595 1.0
596 2.0
597 13.152946437965905
598 1.0
599 9.219544457292887
600 6.4031242374328485
601 1.0
602 1.0
603 1.0
604 1.0
605 5.830951894845301
606 1.0
607 3.3166247903554
608 11.661903789690601
609 1.0
610 5.656854249492381
611 1.0
612 1.0
613 1.0
614 20.12461179749811
615 1.0
616 1.0
617 1.0
618 1.0
619 1.0
620 1.0
621 1.0
622 17.146428199482248
623 1.0
624 1.0
625 1.0
626 1.7320508075688772
627 1.0
628 1.0
629 1.0
630 1.0
631 1.4142135623730951
632 1.0
633 1.0
634 1.0
635 1.0
636 1.0
637 1.0
638 1.0
639 1.0
640 1.0
641 1.0
642 1.0
643 1.0
644 12.727922061357855
645 1.0
646 1.7320508075688772
647 1.0
648 1.7320508075688772
649 2.23606797749979
650 1.0
651 1.4142135623730951
652 1.0
653 17.0
654 14.142135623730951
655 1.0
656 18.24828759089466
657 32.155870381627054
658 23.769728648009426
659 1.0
660 8.12403840463596
661 1.0
662 1.0
663 1.0
664 1.0
665 1.0
666 33.49626844888845
667 14.560219778561036
668 27.748873851023216
669 28.861739379323623
670 21.93171219946131
671 1.7320508075688772
672 23.021728866442675
673 1.0
674 19.519221295943137
675 53.113086899558006
676 31.0322412983658
677 38.79432948254165
678 1.4142135623730951
679 11.313708498984761
680 1.4142135623730951
681 1.4142135623730951
682 16.186414056238647
683 13.45362404707371
684 44.12482294582042
685 1.4142135623730951
686 1.0
687 1.0
688 2.0
689 2.449489742783178
690 1.0
691 1.4142135623730951
692 1.4142135623730951
693 38.91015291668744
694 28.982753492378876
695 16.1245154965971
696 42.579337712087536
697 2.23606797749979
698 2.23606797749979
699 1.4142135623730951
700 1.0
701 2.23606797749979
702 1.4142135623730951
703 15.620499351813308
704 10.63014581273465
705 2.0
706 1.7320508075688772
707 9.899494936611665
708 1.4142135623730951
709 21.93171219946131
710 1.4142135623730951
711 16.492422502470642
712 22.0
713 64.24951361683604
714 28.160255680657446
715 7.3484692283495345
716 1.0
717 1.0
718 3.1622776601683795
719 74.70609078247904
720 1.0
721 1.7320508075688772
722 17.46424919657298
723 1.0
724 16.492422502470642
725 1.0
726 1.0
727 1.4142135623730951
728 1.0
729 1.0
730 21.213203435596427
731 36.069377593742864
732 1.0
733 1.0
734 47.51841748206689
735 27.76688675382964
736 1.0
737 1.0
738 56.0
739 1.0
740 1.0
741 1.0
742 1.0
743 1.0
744 1.0
745 1.4142135623730951
746 1.0
747 1.0
748 14.317821063276353
749 1.0
750 15.0
751 62.545983084447556
752 1.0
753 1.0
754 1.4142135623730951
755 1.0
756 7.681145747868608
757 10.63014581273465
758 17.320508075688775
759 16.76305461424021
760 13.379088160259652
761 28.30194339616981
762 6.708203932499369
763 2.0
764 26.248809496813376
765 1.0
766 26.870057685088806
767 24.0
768 22.80350850198276
769 8.06225774829855
770 7.810249675906654
771 4.123105625617661
772 1.7320508075688772
773 23.40939982143925
774 1.0
775 4.69041575982343
776 12.12435565298214
777 24.0
778 22.0
779 33.0
780 13.45362404707371
781 1.7320508075688772
782 14.142135623730951
783 20.0
784 1.0
785 19.1049731745428
786 1.0
787 14.177446878757825
788 19.05255888325765
789 19.672315572906
790 20.639767440550294
791 1.0
792 1.0
793 1.0
794 1.0
795 1.0
796 11.180339887498949
797 4.123105625617661
798 1.0
799 1.0
800 1.0
