0 30.430248109405877
1 1.7320508075688772
2 1.0
3 1.0
4 1.4142135623730951
5 1.0
6 1.0
7 1.0
8 1.0
9 1.0
10 1.4142135623730951
11 1.0
12 1.0
13 1.0
14 1.0
15 1.0
16 1.0
17 8.0
18 5.385164807134504
19 13.038404810405298
20 8.774964387392123
21 11.0
22 1.0
23 8.246211251235321
24 1.4142135623730951
25 11.045361017187261
26 1.0
27 1.0
28 1.0
29 5.0
30 9.219544457292887
31 11.313708498984761
32 4.123105625617661
33 1.0
34 9.899494936611665
35 15.748015748023622
36 1.0
37 19.1049731745428
38 1.0
39 1.0
40 20.322401432901575
41 6.4031242374328485
42 7.3484692283495345
43 2.23606797749979
44 1.0
45 1.0
46 1.0
47 1.7320508075688772
48 21.6794833886788
49 1.0
50 11.180339887498949
51 12.083045973594572
52 8.774964387392123
53 1.0
54 1.4142135623730951
55 6.082762530298219
56 16.0
57 1.0
58 5.656854249492381
59 17.0
60 1.4142135623730951
61 1.7320508075688772
62 1.4142135623730951
63 23.345235059857504
64 1.0
65 1.0
66 1.0
67 23.021728866442675
68 1.0
69 1.0
70 1.0
71 1.0
72 16.15549442140351
73 20.46948949045872
74 19.4164878389476
75 21.400934559032695
76 10.344080432788601
77 1.7320508075688772
78 16.15549442140351
79 18.601075237738275
80 1.0
81 1.0
82 1.0
83 1.0
84 12.206555615733702
85 11.575836902790225
86 9.219544457292887
87 1.0
88 1.0
89 25.632011235952593
90 5.656854249492381
91 1.0
92 1.0
93 18.275666882497067
94 1.0
95 1.0
96 1.0
97 3.0
98 1.0
99 1.0
100 1.0
101 1.7320508075688772
102 1.0
103 1.0
104 13.45362404707371
105 1.0
106 22.360679774997898
107 1.0
108 1.0
109 26.758176320519304
110 1.0
111 30.0
112 3.605551275463989
113 1.0
114 1.0
115 1.0
116 7.810249675906654
117 1.0
118 1.0
119 1.0
120 1.0
121 1.0
122 1.0
123 1.0
124 1.0
125 21.42428528562855
126 1.0
127 1.0
128 1.0
129 20.615528128088304
130 1.0
131 23.853720883753127
132 2.0
133 12.68857754044952
134 9.273618495495704
135 22.67156809750927
136 20.248456731316587
137 10.246950765959598
138 22.045407685048602
139 26.720778431774775
140 5.196152422706632
141 1.0
142 26.248809496813376
143 14.2828568570857
144 1.0
145 15.7797338380595
146 6.082762530298219
147 1.0
148 9.273618495495704
149 17.029386365926403
150 1.4142135623730951
151 1.4142135623730951
152 24.289915602982237
153 1.0
154 1.0
155 1.0
156 1.0
157 1.7320508075688772
158 3.605551275463989
159 2.23606797749979
160 7.280109889280518
161 1.7320508075688772
162 12.806248474865697
163 14.866068747318506
164 9.273618495495704
165 1.0
166 1.0
167 3.0
168 17.204650534085253
169 12.68857754044952
170 17.46424919657298
171 1.0
172 1.0
173 1.0
174 1.0
175 6.4031242374328485
176 1.4142135623730951
177 1.0
178 1.0
179 1.4142135623730951
180 23.45207879911715
181 20.639767440550294
182 1.0
183 1.4142135623730951
184 1.0
185 2.8284271247461903
186 1.0
187 1.4142135623730951
188 2.23606797749979
189 1.4142135623730951
190 13.92838827718412
191 1.0
192 9.9498743710662
193 1.0
194 4.358898943540674
195 27.0
196 17.0
197 10.04987562112089
198 7.0710678118654755
199 1.0
200 1.0
201 9.433981132056603
202 24.041630560342615
203 1.7320508075688772
204 1.4142135623730951
205 1.7320508075688772
206 1.0
207 1.0
208 1.0
209 1.4142135623730951
210 1.0
211 6.4031242374328485
212 16.431676725154983
213 1.4142135623730951
214 1.0
215 1.0
216 11.575836902790225
217 2.8284271247461903
218 1.0
219 1.4142135623730951
220 8.06225774829855
221 1.0
222 10.677078252031311
223 1.0
224 1.0
225 18.788294228055936
226 1.0
227 1.7320508075688772
228 1.0
229 12.727922061357855
230 2.449489742783178
231 50.80354318352215
232 1.0
233 1.4142135623730951
234 13.784048752090222
235 1.0
236 6.4031242374328485
237 1.0
238 1.0
239 31.0
240 1.0
241 1.0
242 1.0
243 1.0
244 3.4641016151377544
245 1.4142135623730951
246 1.0
247 16.401219466856727
248 1.0
249 10.63014581273465
250 1.4142135623730951
251 1.4142135623730951
252 16.24807680927192
253 9.848857801796104
254 1.0
255 1.0
256 6.0
257 1.0
258 1.0
259 1.0
260 3.605551275463989
261 2.8284271247461903
262 1.0
263 1.4142135623730951
264 1.0
265 1.0
266 1.0
267 1.0
268 5.0
269 1.0
270 1.4142135623730951
271 1.4142135623730951
272 17.72004514666935
273 1.0
274 1.4142135623730951
275 3.0
276 17.72004514666935
277 4.123105625617661
278 17.804493814764857
279 8.12403840463596
280 3.0
281 2.23606797749979
282 1.4142135623730951
283 1.4142135623730951
284 1.0
285 5.0990195135927845
286 1.0
287 1.7320508075688772
288 2.449489742783178
289 1.0
290 1.0
291 13.152946437965905
292 1.0
293 2.449489742783178
294 20.223748416156685
295 1.4142135623730951
296 1.4142135623730951
297 1.0
298 1.0
299 1.4142135623730951
300 12.206555615733702
301 12.84523257866513
302 18.49324200890693
303 1.7320508075688772
304 13.856406460551018
305 10.392304845413264
306 3.605551275463989
307 19.28730152198591
308 1.4142135623730951
309 17.378147196982766
310 12.767145334803704
311 1.0
312 13.45362404707371
313 1.0
314 1.0
315 18.0
316 1.7320508075688772
317 1.0
318 5.385164807134504
319 1.0
320 5.0990195135927845
321 8.12403840463596
322 8.12403840463596
323 1.0
324 12.0
325 15.362291495737216
326 6.782329983125268
327 7.810249675906654
328 15.684387141358123
329 12.36931687685298
330 1.0
331 15.748015748023622
332 9.848857801796104
333 1.0
334 1.0
335 1.4142135623730951
336 2.23606797749979
337 17.320508075688775
338 1.0
339 1.0
340 2.8284271247461903
341 10.295630140987
342 1.0
343 1.0
344 1.0
345 1.0
346 16.673332000533065
347 1.0
348 11.357816691600547
349 29.171904291629644
350 1.0
351 15.684387141358123
352 14.966629547095765
353 13.92838827718412
354 1.0
355 5.385164807134504
356 1.0
357 28.035691537752374
358 1.0
359 1.0
360 18.973665961010276
361 1.0
362 1.7320508075688772
363 1.0
364 7.54983443527075
365 1.4142135623730951
366 15.033296378372908
367 8.94427190999916
368 1.0
369 19.82422760159901
370 1.7320508075688772
371 1.0
372 1.0
373 16.55294535724685
374 1.0
375 1.4142135623730951
376 1.0
377 12.806248474865697
378 2.449489742783178
379 7.54983443527075
380 1.0
381 1.0
382 19.6468827043885
383 17.72004514666935
384 1.4142135623730951
385 14.730919862656235
386 10.344080432788601
387 1.0
388 1.0
389 10.198039027185569
390 5.830951894845301
391 4.242640687119285
392 1.4142135623730951
393 1.0
394 1.0
395 1.0
396 31.064449134018133
397 1.4142135623730951
398 1.0
399 4.69041575982343
400 1.0
401 2.449489742783178
402 1.0
403 1.0
404 13.038404810405298
405 2.23606797749979
406 1.0
407 9.0
408 1.0
409 1.0
410 6.928203230275509
411 2.23606797749979
412 1.0
413 1.0
414 1.0
415 1.0
416 17.11724276862369
417 1.0
418 7.280109889280518
419 1.0
420 1.0
421 1.0
422 1.0
423 19.87460691435179
424 1.0
425 2.23606797749979
426 14.317821063276353
427 1.0
428 1.0
429 1.0
430 1.0
431 9.219544457292887
432 18.49324200890693
433 7.0710678118654755
434 1.0
435 1.0
436 1.0
437 12.529964086141668
438 1.0
439 13.30413469565007
440 1.0
441 1.0
442 1.0
443 21.0
444 4.58257569495584
445 5.0990195135927845
446 1.0
447 5.196152422706632
448 1.0
449 1.4142135623730951
450 10.44030650891055
451 6.0
452 1.0
453 4.69041575982343
454 18.973665961010276
455 1.0
456 1.0
457 2.449489742783178
458 1.4142135623730951
459 8.48528137423857
460 1.0
461 2.449489742783178
462 1.0
463 6.4031242374328485
464 5.744562646538029
465 9.9498743710662
466 1.4142135623730951
467 1.0
468 1.0
469 17.029386365926403
470 1.0
471 1.7320508075688772
472 4.123105625617661
473 2.23606797749979
474 1.0
475 8.12403840463596
476 2.0
477 16.76305461424021
478 1.4142135623730951
479 1.0
480 1.0
481 9.0
482 14.52583904633395
483 1.0
484 1.0
485 1.0
486 7.615773105863909
487 1.4142135623730951
488 1.0
489 13.379088160259652
490 5.0
491 10.862780491200215
492 2.23606797749979
493 1.0
494 1.7320508075688772
495 1.0
496 21.400934559032695
497 15.329709716755891
498 25.632011235952593
499 4.58257569495584
500 1.0
501 19.390719429665317
502 15.0
503 1.0
504 1.0
505 1.4142135623730951
506 10.63014581273465
507 1.0
508 1.0
509 2.0
510 1.7320508075688772
511 1.0
512 1.0
513 1.0
514 1.0
515 1.0
516 1.4142135623730951
517 1.0
518 1.7320508075688772
519 3.605551275463989
520 2.23606797749979
521 13.892443989449804
522 9.899494936611665
523 1.0
524 14.035668847618199
525 4.242640687119285
526 1.0
527 1.0
528 1.4142135623730951
529 5.196152422706632
530 1.0
531 4.358898943540674
532 2.449489742783178
533 11.532562594670797
534 4.0
535 9.433981132056603
536 1.0
537 1.7320508075688772
538 1.7320508075688772
539 1.0
540 1.0
541 1.7320508075688772
542 1.4142135623730951
543 21.095023109728988
544 1.0
545 6.4031242374328485
546 17.46424919657298
547 1.0
548 1.0
549 19.026297590440446
550 3.605551275463989
551 14.730919862656235
552 2.449489742783178
553 1.0
554 1.7320508075688772
555 1.0
556 1.7320508075688772
557 16.09347693943108
558 1.0
559 7.0710678118654755
560 1.0
561 12.12435565298214
562 2.0
563 9.9498743710662
564 1.0
565 1.4142135623730951
566 1.7320508075688772
567 1.7320508075688772
568 1.7320508075688772
569 1.4142135623730951
570 21.93171219946131
571 3.605551275463989
572 15.165750888103101
573 9.848857801796104
574 1.4142135623730951
575 7.280109889280518
576 2.23606797749979
577 14.177446878757825
578 13.490737563232042
579 2.449489742783178
580 14.730919862656235
581 1.4142135623730951
582 1.0
583 1.4142135623730951
584 16.55294535724685
585 8.54400374531753
586 1.0
587 1.0
588 4.123105625617661
589 4.123105625617661
590 1.7320508075688772
591 1.0
592 1.4142135623730951
593 5.830951894845301
594 16.401219466856727
595 22.02271554554524
596 1.0
597 1.0
598 6.48074069840786
599 15.524174696260024
600 9.797958971132712
601 12.727922061357855
602 10.63014581273465
603 1.7320508075688772
604 1.4142135623730951
605 26.720778431774775
606 18.466185312619388
607 1.0
608 1.0
609 1.0
610 3.0
611 1.0
612 1.7320508075688772
613 13.416407864998739
614 1.0
615 13.638181696985855
616 22.045407685048602
617 11.916375287812984
618 1.4142135623730951
619 1.0
620 1.0
621 6.082762530298219
622 1.0
623 16.792855623746664
624 7.3484692283495345
625 1.4142135623730951
626 2.8284271247461903
627 1.4142135623730951
628 12.649110640673518
629 1.0
630 1.0
631 1.7320508075688772
632 3.0
633 1.0
634 2.23606797749979
635 1.0
636 1.0
637 1.0
638 1.0
639 1.0
640 4.242640687119285
641 1.0
642 4.123105625617661
643 17.72004514666935
644 10.392304845413264
645 29.427877939124322
646 21.42428528562855
647 2.23606797749979
648 1.0
649 5.385164807134504
650 1.0
651 28.035691537752374
652 1.7320508075688772
653 1.0
654 1.0
655 1.0
656 2.0
657 1.4142135623730951
658 1.0
659 1.0
660 5.0
661 10.392304845413264
662 1.4142135623730951
663 1.4142135623730951
664 1.0
665 1.4142135623730951
666 1.4142135623730951
667 1.0
668 29.154759474226502
669 5.385164807134504
670 1.0
671 1.0
672 8.06225774829855
673 10.099504938362077
674 1.0
675 1.0
676 3.0
677 26.92582403567252
678 1.4142135623730951
679 1.0
680 10.04987562112089
681 2.0
682 1.4142135623730951
683 1.0
684 1.0
685 1.0
686 7.810249675906654
687 9.486832980505138
688 2.0
689 1.0
690 6.928203230275509
691 1.7320508075688772
692 1.0
693 20.149441679609886
694 6.48074069840786
695 1.0
696 1.0
697 1.0
698 1.0
699 1.0
700 21.18962010041709
701 1.0
702 1.7320508075688772
703 1.7320508075688772
704 6.4031242374328485
705 8.06225774829855
706 17.11724276862369
707 1.4142135623730951
708 25.079872407968907
709 1.0
710 1.0
711 14.696938456699069
712 1.7320508075688772
713 1.0
714 1.0
715 1.0
716 1.0
717 1.0
718 9.273618495495704
719 1.0
720 1.0
721 7.0
722 11.0
723 1.0
724 1.4142135623730951
725 4.123105625617661
726 1.0
727 1.0
728 1.7320508075688772
729 1.7320508075688772
730 1.0
731 1.0
732 10.295630140987
733 1.0
734 2.449489742783178
735 1.0
736 1.0
737 16.911534525287763
738 1.0
739 6.082762530298219
740 1.0
741 1.4142135623730951
742 1.0
743 1.0
744 1.0
745 1.4142135623730951
746 1.4142135623730951
747 1.0
748 1.0
749 9.695359714832659
750 7.681145747868608
751 1.4142135623730951
752 1.0
753 1.0
754 1.0
755 1.0
756 1.4142135623730951
757 10.63014581273465
758 4.123105625617661
759 1.0
760 1.0
761 1.0
762 1.0
763 29.206163733020468
764 31.622776601683793
765 1.4142135623730951
766 1.0
767 1.0
768 1.0
769 1.0
770 1.0
771 3.1622776601683795
772 3.0
773 1.0
774 1.0
775 1.4142135623730951
776 2.23606797749979
777 4.58257569495584
778 13.784048752090222
779 1.0
780 3.0
781 9.273618495495704
782 3.605551275463989
783 4.358898943540674
784 8.0
785 4.123105625617661
786 7.0710678118654755
787 6.0
788 13.30413469565007
789 7.54983443527075
790 25.729360660537214
791 4.242640687119285
792 1.4142135623730951
793 1.0
794 20.024984394500787
795 1.0
796 1.4142135623730951
797 18.867962264113206
798 1.0
799 1.0
800 1.0
801 6.4031242374328485
802 16.0312195418814
803 2.449489742783178
804 4.69041575982343
805 29.46183972531247
806 13.114877048604
807 19.0
808 10.0
809 25.729360660537214
810 1.0
811 1.7320508075688772
812 5.744562646538029
813 1.0
814 23.600847442411894
815 1.0
816 15.264337522473747
817 1.0
818 4.898979485566356
819 24.413111231467404
820 1.0
821 9.643650760992955
822 1.4142135623730951
823 2.23606797749979
824 1.4142135623730951
825 1.4142135623730951
826 8.48528137423857
827 1.0
828 2.8284271247461903
829 1.0
830 1.4142135623730951
831 1.4142135623730951
832 1.4142135623730951
833 22.20360331117452
834 1.0
835 2.23606797749979
836 1.0
837 4.358898943540674
838 3.605551275463989
839 1.4142135623730951
840 11.357816691600547
841 7.0
842 20.049937655763422
843 1.0
844 1.0
845 1.0
846 1.0
847 1.0
848 19.0
849 1.0
850 1.0
851 1.4142135623730951
852 1.0
853 19.1049731745428
854 1.0
855 1.0
856 9.219544457292887
857 2.449489742783178
858 1.0
859 11.489125293076057
860 1.7320508075688772
861 1.0
862 1.0
863 8.06225774829855
864 4.242640687119285
865 1.0
866 1.0
867 1.0
868 2.0
869 1.0
870 1.0
871 13.490737563232042
872 1.4142135623730951
873 11.661903789690601
874 1.0
875 7.211102550927978
876 14.247806848775006
877 1.0
878 21.0
879 10.816653826391969
880 11.045361017187261
881 1.4142135623730951
882 1.0
883 1.0
884 3.605551275463989
885 1.7320508075688772
886 1.0
887 1.0
888 2.23606797749979
889 1.0
890 1.0
891 1.0
892 14.352700094407323
893 13.892443989449804
894 1.0
895 6.0
896 1.4142135623730951
897 10.04987562112089
898 4.123105625617661
899 1.0
900 1.0
901 1.0
902 1.4142135623730951
903 1.7320508075688772
904 18.35755975068582
905 6.0
906 1.0
907 1.0
908 1.0
909 2.8284271247461903
910 1.0
911 1.4142135623730951
912 1.4142135623730951
913 32.0
914 1.4142135623730951
915 18.24828759089466
916 1.0
917 1.0
918 1.0
919 1.0
920 1.0
921 1.0
922 1.0
923 1.4142135623730951
924 1.0
925 1.0
926 13.416407864998739
927 9.486832980505138
928 1.0
929 1.0
930 1.0
931 1.0
932 1.0
933 1.0
934 1.4142135623730951
935 1.4142135623730951
936 2.23606797749979
937 1.0
938 1.0
939 1.7320508075688772
940 1.0
941 1.0
942 1.0
943 1.0
944 1.0
945 1.0
946 1.0
947 18.0
948 11.575836902790225
949 4.123105625617661
950 1.0
951 1.4142135623730951
952 1.0
953 2.23606797749979
954 1.0
955 1.0
956 1.0
957 1.0
958 1.0
959 1.0
960 1.4142135623730951
961 1.0
962 1.7320508075688772
963 7.0710678118654755
964 1.0
965 1.0
966 1.7320508075688772
967 23.0
968 1.0
969 1.0
970 3.7416573867739413
971 1.0
972 1.0
973 1.0
974 1.0
975 1.0
976 1.0
977 1.7320508075688772
978 5.656854249492381
979 1.0
980 1.0
981 1.0
982 1.0
983 1.0
984 1.7320508075688772
985 5.830951894845301
986 13.92838827718412
987 14.594519519326424
988 1.4142135623730951
989 1.0
990 5.0
991 1.4142135623730951
992 3.4641016151377544
993 1.0
994 1.0
995 1.4142135623730951
996 1.0
997 1.0
998 2.8284271247461903
999 2.23606797749979
1000 1.0
1001 24.698178070456937
1002 1.0
1003 1.7320508075688772
1004 1.0
1005 1.0
1006 5.0
1007 1.4142135623730951
1008 1.0
1009 1.0
1010 2.449489742783178
1011 29.68164415931166
1012 1.0
1013 7.280109889280518
1014 14.52583904633395
1015 2.23606797749979
1016 2.23606797749979
1017 1.0
1018 1.0
1019 1.0
1020 22.135943621178654
1021 1.4142135623730951
1022 11.575836902790225
1023 1.7320508075688772
1024 5.196152422706632
1025 21.470910553583888
1026 1.4142135623730951
1027 1.0
1028 9.486832980505138
1029 2.23606797749979
1030 19.621416870348583
1031 20.322401432901575
1032 1.0
1033 4.0
1034 10.392304845413264
1035 1.4142135623730951
1036 4.123105625617661
1037 1.0
1038 1.0
1039 9.273618495495704
1040 1.0
1041 9.0
1042 1.4142135623730951
1043 5.385164807134504
1044 29.5296461204668
1045 2.23606797749979
1046 1.0
1047 6.4031242374328485
1048 1.0
1049 11.704699910719626
1050 6.928203230275509
1051 5.830951894845301
1052 6.082762530298219
1053 10.04987562112089
1054 2.449489742783178
1055 7.0
1056 2.23606797749979
1057 1.0
1058 9.433981132056603
1059 3.0
1060 6.164414002968976
1061 1.0
1062 1.0
1063 1.0
1064 8.602325267042627
1065 22.02271554554524
1066 1.0
1067 1.0
1068 1.4142135623730951
1069 28.284271247461902
1070 3.605551275463989
1071 18.411952639521967
1072 1.0
1073 1.4142135623730951
1074 1.0
1075 2.8284271247461903
1076 3.0
1077 1.0
1078 1.7320508075688772
1079 2.0
1080 2.449489742783178
1081 20.808652046684813
1082 8.12403840463596
1083 1.4142135623730951
1084 5.830951894845301
1085 17.291616465790582
1086 2.449489742783178
1087 1.7320508075688772
1088 1.0
1089 13.490737563232042
1090 2.23606797749979
1091 1.0
1092 1.0
1093 8.660254037844387
1094 7.681145747868608
1095 6.708203932499369
1096 5.196152422706632
1097 1.0
1098 1.0
1099 1.7320508075688772
1100 1.4142135623730951
1101 2.449489742783178
1102 16.792855623746664
1103 6.324555320336759
1104 1.4142135623730951
1105 1.4142135623730951
1106 1.0
1107 1.0
1108 1.7320508075688772
1109 1.4142135623730951
1110 1.4142135623730951
1111 1.0
1112 1.0
1113 1.0
1114 1.4142135623730951
1115 1.0
1116 1.0
1117 3.0
1118 1.7320508075688772
1119 2.23606797749979
1120 1.0
1121 1.0
1122 1.4142135623730951
1123 1.0
1124 4.123105625617661
1125 2.449489742783178
1126 2.449489742783178
1127 2.449489742783178
1128 1.0
1129 6.4031242374328485
1130 1.0
1131 1.0
1132 1.4142135623730951
1133 1.0
1134 1.0
1135 14.594519519326424
1136 22.090722034374522
1137 7.54983443527075
1138 15.748015748023622
1139 6.928203230275509
1140 1.0
1141 27.60434748368452
1142 6.48074069840786
1143 1.0
1144 1.0
1145 1.0
1146 4.898979485566356
1147 13.341664064126334
1148 16.30950643030009
1149 1.0
1150 1.0
1151 6.708203932499369
1152 3.4641016151377544
1153 1.0
1154 1.0
1155 1.0
1156 8.602325267042627
1157 3.1622776601683795
1158 1.0
1159 1.0
1160 1.0
1161 21.95449840010015
1162 1.0
1163 8.0
1164 5.830951894845301
1165 1.0
1166 3.605551275463989
1167 1.0
1168 3.4641016151377544
1169 1.4142135623730951
1170 1.0
1171 1.0
1172 3.4641016151377544
1173 1.4142135623730951
1174 7.3484692283495345
1175 1.4142135623730951
1176 1.0
1177 5.385164807134504
1178 5.0
1179 9.433981132056603
1180 1.0
1181 1.4142135623730951
1182 1.0
1183 2.23606797749979
1184 10.488088481701515
1185 1.0
1186 1.0
1187 1.0
1188 1.0
1189 1.0
1190 4.358898943540674
1191 5.656854249492381
1192 17.204650534085253
1193 13.674794331177344
1194 3.0
1195 1.7320508075688772
1196 1.0
1197 1.0
1198 8.602325267042627
1199 1.0
1200 1.0
1201 15.84297951775486
1202 4.242640687119285
1203 1.4142135623730951
1204 3.4641016151377544
1205 23.0
1206 1.0
1207 1.4142135623730951
1208 16.3707055437449
1209 8.774964387392123
1210 1.4142135623730951
1211 1.0
1212 1.0
1213 1.4142135623730951
1214 28.653097563788805
1215 1.0
1216 1.4142135623730951
1217 7.3484692283495345
1218 14.560219778561036
1219 1.0
1220 12.449899597988733
1221 7.0710678118654755
1222 1.0
1223 1.0
1224 1.0
1225 3.0
1226 2.449489742783178
1227 1.4142135623730951
1228 1.7320508075688772
1229 34.219877264537345
1230 1.7320508075688772
1231 11.357816691600547
1232 9.848857801796104
1233 14.491376746189438
1234 1.0
1235 10.488088481701515
1236 6.6332495807108
1237 9.273618495495704
1238 6.4031242374328485
1239 1.7320508075688772
1240 13.45362404707371
1241 8.660254037844387
1242 23.0
1243 7.615773105863909
1244 1.0
1245 1.4142135623730951
1246 1.4142135623730951
1247 1.0
1248 6.708203932499369
1249 1.7320508075688772
1250 1.7320508075688772
1251 15.394804318340652
1252 19.79898987322333
1253 3.0
1254 4.0
1255 15.066519173319364
1256 2.23606797749979
1257 15.524174696260024
1258 13.30413469565007
1259 11.704699910719626
1260 1.0
1261 13.601470508735444
1262 1.0
1263 1.0
1264 7.0
1265 6.164414002968976
1266 1.0
1267 24.06241883103193
1268 1.0
1269 2.8284271247461903
1270 1.0
1271 1.0
1272 19.748417658131498
1273 4.47213595499958
1274 11.661903789690601
1275 5.0990195135927845
1276 15.588457268119896
1277 15.588457268119896
1278 6.4031242374328485
1279 2.23606797749979
1280 1.0
1281 1.4142135623730951
1282 1.4142135623730951
1283 21.0
1284 14.352700094407323
1285 1.0
1286 1.0
1287 5.385164807134504
1288 1.4142135623730951
1289 11.661903789690601
1290 2.8284271247461903
1291 5.744562646538029
1292 15.394804318340652
1293 1.0
1294 1.0
1295 1.0
1296 11.224972160321824
1297 14.730919862656235
1298 1.0
1299 1.0
1300 1.4142135623730951
1301 5.0
1302 1.0
1303 1.4142135623730951
1304 6.4031242374328485
1305 1.0
1306 13.74772708486752
1307 1.0
1308 4.47213595499958
1309 7.280109889280518
1310 4.47213595499958
1311 1.0
1312 3.605551275463989
1313 16.76305461424021
1314 12.569805089976535
1315 6.928203230275509
1316 5.744562646538029
1317 1.4142135623730951
1318 19.339079605813716
1319 20.248456731316587
1320 5.0990195135927845
1321 12.68857754044952
1322 2.23606797749979
1323 1.0
1324 1.0
1325 1.0
1326 10.63014581273465
1327 1.0
1328 8.602325267042627
1329 1.4142135623730951
1330 12.041594578792296
1331 26.095976701399778
1332 11.575836902790225
1333 1.0
1334 1.0
1335 1.0
1336 12.449899597988733
1337 7.54983443527075
1338 10.44030650891055
1339 2.449489742783178
1340 4.47213595499958
1341 21.93171219946131
1342 1.0
1343 1.0
1344 23.57965224510319
1345 20.639767440550294
1346 1.4142135623730951
1347 6.0
1348 1.0
1349 1.0
1350 4.58257569495584
1351 12.083045973594572
1352 1.0
1353 1.0
1354 1.0
1355 1.0
1356 31.0
1357 11.357816691600547
1358 2.0
1359 1.0
1360 2.23606797749979
1361 1.4142135623730951
1362 1.4142135623730951
1363 1.0
1364 1.0
1365 1.4142135623730951
1366 1.0
1367 21.95449840010015
1368 24.61706725018234
1369 4.123105625617661
1370 14.866068747318506
1371 5.196152422706632
1372 13.92838827718412
1373 1.0
1374 1.0
1375 1.0
1376 10.04987562112089
1377 20.223748416156685
1378 27.53179979587241
1379 4.0
1380 1.4142135623730951
1381 1.0
1382 1.0
1383 1.0
1384 1.0
1385 1.0
1386 1.0
1387 1.0
1388 4.123105625617661
1389 12.529964086141668
1390 5.0
1391 1.0
1392 13.45362404707371
1393 1.7320508075688772
1394 10.770329614269007
1395 1.7320508075688772
1396 5.477225575051661
1397 15.165750888103101
1398 9.848857801796104
1399 21.656407827707714
1400 17.916472867168917
1401 6.164414002968976
1402 2.0
1403 1.0
1404 3.7416573867739413
1405 2.8284271247461903
1406 20.024984394500787
1407 8.12403840463596
1408 5.196152422706632
1409 2.0
1410 1.0
1411 1.0
1412 5.477225575051661
1413 1.0
1414 1.4142135623730951
1415 1.0
1416 4.242640687119285
1417 5.385164807134504
1418 14.798648586948742
1419 19.748417658131498
1420 13.076696830622021
1421 17.0
1422 1.0
1423 1.7320508075688772
1424 1.4142135623730951
1425 1.0
1426 1.4142135623730951
1427 10.392304845413264
1428 11.575836902790225
1429 15.0996688705415
1430 1.0
1431 1.4142135623730951
1432 5.656854249492381
1433 1.0
1434 2.449489742783178
1435 18.49324200890693
1436 1.4142135623730951
1437 1.0
1438 1.0
1439 1.0
1440 10.0
1441 7.810249675906654
1442 5.916079783099616
1443 1.4142135623730951
1444 18.49324200890693
1445 3.4641016151377544
1446 5.477225575051661
1447 1.0
1448 1.0
1449 1.4142135623730951
1450 1.4142135623730951
1451 3.605551275463989
1452 1.4142135623730951
1453 1.0
1454 14.352700094407323
1455 26.343879744638983
1456 1.4142135623730951
1457 4.0
1458 1.0
1459 6.4031242374328485
1460 6.4031242374328485
1461 12.206555615733702
1462 13.856406460551018
1463 5.0
1464 1.0
1465 2.449489742783178
1466 10.44030650891055
1467 1.0
1468 13.30413469565007
1469 12.041594578792296
1470 4.898979485566356
1471 1.7320508075688772
1472 14.89966442575134
1473 24.124676163629637
1474 3.0
1475 1.0
1476 16.55294535724685
1477 1.0
1478 1.0
1479 2.0
1480 1.4142135623730951
1481 1.0
1482 1.0
1483 1.0
1484 11.575836902790225
1485 5.0
1486 1.4142135623730951
1487 1.0
1488 1.0
1489 2.449489742783178
1490 9.486832980505138
1491 1.7320508075688772
1492 13.490737563232042
1493 1.0
1494 5.830951894845301
1495 12.083045973594572
1496 1.4142135623730951
1497 1.4142135623730951
1498 8.0
1499 19.078784028338912
1500 1.0
1501 4.242640687119285
1502 1.7320508075688772
1503 1.0
1504 3.4641016151377544
1505 1.0
1506 1.0
1507 1.0
1508 2.23606797749979
1509 2.449489742783178
1510 2.23606797749979
1511 1.7320508075688772
1512 1.0
1513 1.7320508075688772
1514 5.656854249492381
1515 2.0
1516 11.916375287812984
1517 2.449489742783178
1518 1.0
1519 1.0
1520 15.394804318340652
1521 1.0
1522 18.16590212458495
1523 12.569805089976535
1524 2.23606797749979
1525 5.656854249492381
1526 1.0
1527 6.708203932499369
1528 6.324555320336759
1529 6.4031242374328485
1530 11.0
1531 2.23606797749979
1532 2.449489742783178
1533 8.12403840463596
1534 1.4142135623730951
1535 16.278820596099706
1536 13.601470508735444
1537 11.575836902790225
1538 1.0
1539 13.74772708486752
1540 1.4142135623730951
1541 1.7320508075688772
1542 1.4142135623730951
1543 1.0
1544 1.0
1545 1.0
1546 5.830951894845301
1547 7.3484692283495345
1548 1.0
1549 5.0990195135927845
1550 2.23606797749979
1551 1.4142135623730951
1552 1.0
1553 1.0
1554 1.0
1555 1.0
1556 1.0
1557 1.7320508075688772
1558 4.123105625617661
1559 1.0
1560 1.7320508075688772
1561 12.84523257866513
1562 20.273134932713294
1563 1.7320508075688772
1564 2.449489742783178
1565 1.0
1566 1.0
1567 2.23606797749979
1568 17.320508075688775
1569 3.7416573867739413
1570 2.23606797749979
1571 1.0
1572 1.0
1573 1.0
1574 1.0
1575 1.0
1576 7.280109889280518
1577 4.69041575982343
1578 4.0
1579 1.0
1580 1.0
1581 9.695359714832659
1582 2.23606797749979
1583 1.0
1584 6.48074069840786
1585 19.339079605813716
1586 5.0
1587 23.430749027719962
1588 10.488088481701515
1589 1.0
1590 18.05547008526779
1591 6.164414002968976
1592 1.0
1593 1.0
1594 5.0990195135927845
1595 1.0
1596 1.0
1597 1.4142135623730951
1598 8.12403840463596
1599 27.331300737432898
1600 1.0
1601 7.54983443527075
1602 15.524174696260024
1603 4.47213595499958
1604 5.0
1605 1.0
1606 3.4641016151377544
1607 9.848857801796104
1608 5.830951894845301
1609 1.0
1610 1.7320508075688772
1611 1.4142135623730951
1612 1.0
1613 15.362291495737216
1614 1.4142135623730951
1615 9.899494936611665
1616 1.0
1617 1.0
1618 17.4928556845359
1619 1.0
1620 9.9498743710662
1621 1.4142135623730951
1622 5.916079783099616
1623 4.69041575982343
1624 3.4641016151377544
1625 18.384776310850235
1626 18.275666882497067
1627 27.459060435491963
1628 1.0
1629 1.0
1630 1.0
1631 14.071247279470288
1632 24.779023386727733
1633 10.63014581273465
1634 1.0
1635 1.0
1636 1.0
1637 1.0
1638 1.0
1639 2.449489742783178
1640 17.72004514666935
1641 17.029386365926403
1642 5.477225575051661
1643 3.0
1644 21.095023109728988
1645 26.720778431774775
1646 4.242640687119285
1647 23.664319132398465
1648 1.0
1649 1.4142135623730951
1650 1.0
1651 24.228082879171435
1652 17.029386365926403
1653 1.4142135623730951
1654 1.0
1655 4.69041575982343
1656 26.476404589747453
1657 1.4142135623730951
1658 3.7416573867739413
1659 3.0
1660 1.0
1661 1.0
1662 1.4142135623730951
1663 1.0
1664 1.0
1665 16.822603841260722
1666 1.7320508075688772
1667 8.660254037844387
1668 4.47213595499958
1669 1.0
1670 1.4142135623730951
1671 5.0
1672 1.4142135623730951
1673 1.0
1674 21.840329667841555
1675 20.223748416156685
1676 1.0
1677 5.196152422706632
1678 15.033296378372908
1679 24.596747752497688
1680 10.04987562112089
1681 5.744562646538029
1682 10.770329614269007
1683 18.384776310850235
1684 1.0
1685 4.47213595499958
1686 19.1049731745428
1687 26.851443164195103
1688 1.4142135623730951
1689 18.35755975068582
1690 14.866068747318506
1691 1.4142135623730951
1692 4.0
1693 1.0
1694 9.9498743710662
1695 6.0
1696 1.4142135623730951
1697 18.275666882497067
1698 1.0
1699 15.165750888103101
1700 20.73644135332772
1701 24.166091947189145
1702 1.7320508075688772
1703 1.0
1704 1.0
1705 1.4142135623730951
1706 21.563858652847824
1707 11.575836902790225
1708 25.317977802344327
1709 1.0
1710 19.1049731745428
1711 7.280109889280518
1712 17.435595774162696
1713 1.0
1714 6.164414002968976
1715 1.0
1716 2.23606797749979
1717 1.0
1718 1.0
1719 12.884098726725126
1720 16.278820596099706
1721 5.830951894845301
1722 6.708203932499369
1723 1.0
1724 11.0
1725 10.488088481701515
1726 2.0
1727 11.874342087037917
1728 2.23606797749979
1729 3.1622776601683795
1730 3.605551275463989
1731 1.0
1732 1.0
1733 1.0
1734 5.0
1735 1.0
1736 2.449489742783178
1737 9.486832980505138
1738 8.06225774829855
1739 1.0
1740 1.0
1741 1.0
1742 1.0
1743 10.246950765959598
1744 9.0
1745 2.23606797749979
1746 1.0
1747 9.9498743710662
1748 1.4142135623730951
1749 2.23606797749979
1750 9.055385138137417
1751 1.0
1752 1.0
1753 1.0
1754 5.196152422706632
1755 4.123105625617661
1756 3.1622776601683795
1757 8.06225774829855
1758 1.0
1759 9.539392014169456
1760 6.4031242374328485
1761 5.385164807134504
1762 4.123105625617661
1763 1.0
1764 1.0
1765 1.0
1766 2.23606797749979
1767 1.0
1768 1.0
1769 6.0
1770 1.0
1771 1.0
1772 1.0
1773 2.449489742783178
1774 1.0
1775 1.0
1776 1.0
1777 1.0
