0 39.87480407475377
1 1.0
2 1.0
3 1.0
4 1.0
5 4.0
6 4.0
7 1.0
8 1.0
9 1.0
10 1.4142135623730951
11 3.605551275463989
12 1.0
13 1.0
14 1.0
15 1.0
16 1.0
17 1.0
18 11.045361017187261
19 1.0
20 1.0
21 1.0
22 1.0
23 1.0
24 1.0
25 9.0
26 1.0
27 1.0
28 1.0
29 1.0
30 11.357816691600547
31 12.328828005937952
32 1.0
33 1.0
34 1.0
35 1.0
36 1.0
37 1.0
38 1.0
39 1.0
40 1.0
41 15.0
42 8.06225774829855
43 1.0
44 1.0
45 1.4142135623730951
46 1.0
47 1.0
48 1.0
49 1.0
50 1.0
51 14.798648586948742
52 5.744562646538029
53 19.924858845171276
54 16.673332000533065
55 1.0
56 1.0
57 1.0
58 11.180339887498949
59 13.0
60 1.7320508075688772
61 12.806248474865697
62 14.142135623730951
63 10.816653826391969
64 20.149441679609886
65 1.0
66 1.4142135623730951
67 1.0
68 1.0
69 1.0
70 1.0
71 1.0
72 15.556349186104045
73 1.0
74 1.0
75 22.715633383201094
76 1.0
77 1.0
78 17.233687939614086
79 1.0
80 1.0
81 24.020824298928627
82 20.615528128088304
83 1.0
84 1.4142135623730951
85 22.181073012818835
86 1.0
87 1.0
88 1.0
89 21.540659228538015
90 1.0
91 20.346989949375804
92 1.0
93 20.42057785666214
94 11.789826122551595
95 9.486832980505138
96 26.115129714401192
97 1.0
98 1.0
99 1.0
100 1.0
101 1.0
102 1.4142135623730951
103 1.0
104 1.0
105 1.0
106 2.23606797749979
107 1.0
108 22.737634001804146
109 5.830951894845301
110 1.0
111 1.0
112 18.973665961010276
113 1.0
114 1.0
115 23.853720883753127
116 1.0
117 1.4142135623730951
118 1.0
119 4.123105625617661
120 15.588457268119896
121 18.33030277982336
122 1.0
123 1.0
124 1.0
125 24.269322199023193
126 12.165525060596439
127 1.0
128 17.97220075561143
129 1.0
130 1.4142135623730951
131 15.811388300841896
132 1.0
133 1.0
134 17.804493814764857
135 5.196152422706632
136 13.038404810405298
137 17.233687939614086
138 1.0
139 1.0
140 1.0
141 10.392304845413264
142 1.0
143 1.0
144 1.0
145 1.0
146 5.385164807134504
147 13.30413469565007
148 1.0
149 25.317977802344327
150 1.0
151 1.7320508075688772
152 1.0
153 1.0
154 1.0
155 14.212670403551895
156 1.0
157 15.362291495737216
158 1.0
159 1.0
160 2.449489742783178
161 1.0
162 15.297058540778355
163 1.0
164 11.180339887498949
165 14.491376746189438
166 1.0
167 1.0
168 1.4142135623730951
169 2.0
170 1.0
171 1.0
172 1.0
173 1.0
174 1.0
175 1.0
176 1.0
177 1.0
178 1.0
179 21.400934559032695
180 1.0
181 1.0
182 1.0
183 16.76305461424021
184 1.0
185 1.0
186 1.0
187 1.0
188 1.0
189 1.0
190 16.24807680927192
191 14.866068747318506
192 1.0
193 17.320508075688775
194 1.0
195 1.4142135623730951
196 1.4142135623730951
197 1.0
198 1.4142135623730951
199 14.7648230602334
200 1.0
201 1.0
202 1.0
203 1.0
204 1.0
205 1.0
206 1.0
207 1.0
208 8.0
209 1.0
210 1.0
211 1.0
212 1.0
213 2.449489742783178
214 1.0
215 1.0
216 1.0
217 1.0
218 1.0
219 1.0
220 1.0
221 1.0
222 9.273618495495704
223 1.0
224 1.4142135623730951
225 1.0
226 1.0
227 1.0
228 10.677078252031311
229 1.0
230 1.4142135623730951
231 1.0
232 1.0
233 1.0
234 2.8284271247461903
235 1.0
236 1.0
237 1.0
238 13.856406460551018
239 1.0
240 28.861739379323623
241 1.0
242 1.0
243 1.0
244 1.0
245 1.7320508075688772
246 1.0
247 1.0
248 1.0
249 16.64331697709324
250 1.0
251 1.0
252 1.0
253 1.0
254 17.349351572897472
255 1.0
256 9.273618495495704
257 1.0
258 1.0
259 1.0
260 1.0
261 1.0
262 1.4142135623730951
263 1.0
264 22.02271554554524
265 1.0
266 1.0
267 1.0
268 1.4142135623730951
269 1.0
270 1.0
271 1.0
272 1.0
273 1.0
274 1.0
275 1.4142135623730951
276 1.0
277 1.0
278 1.0
279 17.72004514666935
280 1.4142135623730951
281 1.0
282 1.0
283 1.0
284 1.0
285 1.0
286 11.575836902790225
287 22.22611077089287
288 1.0
289 19.8997487421324
290 15.394804318340652
291 4.123105625617661
292 26.324893162176366
293 1.0
294 16.522711641858304
295 1.0
296 1.0
297 1.0
298 1.0
299 1.0
300 1.0
301 1.0
302 1.0
303 4.123105625617661
304 17.320508075688775
305 13.96424004376894
306 1.0
307 1.0
308 12.884098726725126
309 1.0
310 13.92838827718412
311 1.4142135623730951
312 1.0
313 1.0
314 1.0
315 1.0
316 2.449489742783178
317 15.588457268119896
318 1.0
319 8.246211251235321
320 1.0
321 1.0
322 1.0
323 1.0
324 1.4142135623730951
325 1.0
326 26.19160170741759
327 1.0
328 1.4142135623730951
329 13.038404810405298
330 1.0
331 1.4142135623730951
332 1.0
333 1.4142135623730951
334 1.7320508075688772
335 1.0
336 1.0
337 1.0
338 13.490737563232042
339 1.0
340 13.92838827718412
341 11.789826122551595
342 1.4142135623730951
343 17.435595774162696
344 1.0
345 1.0
346 1.0
347 1.7320508075688772
348 1.0
349 1.0
350 1.4142135623730951
351 1.0
352 1.0
353 1.0
354 10.488088481701515
355 1.0
356 9.0
357 8.12403840463596
358 1.0
359 1.4142135623730951
360 14.798648586948742
361 1.0
362 1.0
363 1.4142135623730951
364 1.0
365 1.4142135623730951
366 1.0
367 1.0
368 16.822603841260722
369 1.0
370 1.0
371 1.0
372 1.4142135623730951
373 1.0
374 25.80697580112788
375 1.0
376 1.7320508075688772
377 1.0
378 1.0
379 5.656854249492381
380 1.0
381 1.0
382 22.58317958127243
383 13.856406460551018
384 11.489125293076057
385 1.0
386 1.0
387 1.0
388 21.748563170931547
389 5.196152422706632
390 1.0
391 1.0
392 20.223748416156685
393 1.0
394 1.0
395 1.0
396 1.0
397 1.0
398 1.0
399 1.0
400 23.345235059857504
401 11.0
402 1.0
403 1.0
404 11.0
405 1.4142135623730951
406 1.0
407 1.0
408 1.0
409 1.0
410 1.0
411 1.0
412 23.08679276123039
413 1.0
414 1.0
415 1.0
416 10.246950765959598
417 13.892443989449804
418 1.0
419 1.0
420 2.0
421 1.0
422 5.385164807134504
423 5.196152422706632
424 1.0
425 1.0
426 3.1622776601683795
427 1.0
428 1.0
429 12.68857754044952
430 1.0
431 1.0
432 12.884098726725126
433 5.196152422706632
434 1.0
435 1.0
436 14.035668847618199
437 9.433981132056603
438 1.0
439 1.0
440 2.0
441 1.4142135623730951
442 20.149441679609886
443 1.0
444 1.0
445 1.4142135623730951
446 1.0
447 2.8284271247461903
448 2.23606797749979
449 22.561028345356956
450 1.0
451 1.0
452 1.0
453 1.0
454 6.164414002968976
455 23.53720459187964
456 1.4142135623730951
457 2.449489742783178
458 27.53179979587241
459 16.792855623746664
460 1.0
461 13.784048752090222
462 1.0
463 8.660254037844387
464 10.63014581273465
465 27.018512172212592
466 1.0
467 2.23606797749979
468 1.0
469 1.0
470 19.849433241279208
471 1.0
472 18.547236990991408
473 1.4142135623730951
474 16.822603841260722
475 14.317821063276353
476 2.23606797749979
477 1.0
478 25.0
479 1.0
480 1.0
481 8.774964387392123
482 11.045361017187261
483 1.0
484 1.0
485 1.4142135623730951
486 1.0
487 1.4142135623730951
488 1.0
489 1.0
490 1.0
491 1.0
492 1.0
493 27.53179979587241
494 1.0
495 1.0
496 1.0
497 1.0
498 1.0
499 1.0
500 1.0
501 13.74772708486752
502 1.0
503 1.0
504 1.0
505 1.0
506 1.0
507 1.0
508 1.0
509 1.7320508075688772
510 1.0
511 1.0
512 1.4142135623730951
513 1.0
514 23.173260452512935
515 1.0
516 1.0
517 17.916472867168917
518 1.0
519 1.0
520 1.0
521 1.0
522 1.0
523 1.0
524 14.7648230602334
525 3.0
526 1.0
527 1.0
528 1.0
529 1.0
530 1.0
531 1.0
532 1.0
533 22.44994432064365
534 10.488088481701515
535 15.394804318340652
536 1.0
537 1.0
538 1.0
539 1.0
540 1.0
541 1.0
542 1.4142135623730951
543 1.0
544 14.352700094407323
545 1.0
546 1.0
547 1.0
548 9.797958971132712
549 1.0
550 1.7320508075688772
551 1.7320508075688772
552 1.0
553 1.0
554 1.0
555 1.0
556 6.164414002968976
557 25.65151067676132
558 1.0
559 1.4142135623730951
560 1.0
561 1.0
562 1.0
563 1.4142135623730951
564 1.4142135623730951
565 1.0
566 1.0
567 1.0
568 1.0
569 24.0
570 12.083045973594572
571 1.0
572 1.0
573 1.4142135623730951
574 1.0
575 1.0
576 1.0
577 1.0
578 1.4142135623730951
579 1.0
580 1.0
581 1.0
582 10.0
583 1.0
584 1.0
585 16.06237840420901
586 1.4142135623730951
587 1.0
588 15.556349186104045
589 1.0
590 1.0
591 1.0
592 5.196152422706632
593 3.0
594 1.0
595 1.0
596 1.0
597 6.0
598 1.0
599 1.0
600 1.0
601 1.0
602 1.0
603 1.0
604 1.0
605 1.0
606 1.0
607 17.46424919657298
608 1.4142135623730951
609 1.0
610 1.0
611 1.0
612 15.748015748023622
613 1.0
614 1.0
615 1.0
616 2.449489742783178
617 1.0
618 1.4142135623730951
619 1.0
620 1.0
621 1.0
622 19.72308292331602
623 1.0
624 1.0
625 6.4031242374328485
626 1.0
627 1.0
628 1.0
629 1.0
630 14.352700094407323
631 1.0
632 1.0
633 11.0
634 1.0
635 3.0
636 1.0
637 1.0
638 1.0
639 1.0
640 9.899494936611665
641 1.0
642 6.708203932499369
643 1.0
644 1.4142135623730951
645 1.0
646 1.0
647 1.0
648 1.0
649 1.0
650 1.0
651 18.49324200890693
652 1.0
653 5.830951894845301
654 1.0
655 1.0
656 1.0
657 25.41653005427767
658 1.0
659 1.0
660 1.0
661 1.7320508075688772
662 9.899494936611665
663 26.888659319497503
664 1.0
665 1.0
666 1.7320508075688772
667 1.0
668 1.0
669 1.0
670 23.259406699226016
671 1.0
672 1.0
673 1.0
674 1.0
675 1.0
676 1.7320508075688772
677 1.0
678 1.0
679 1.0
680 7.211102550927978
681 1.0
682 7.0
683 1.0
684 1.0
685 1.0
686 1.0
687 15.231546211727817
688 1.0
689 1.4142135623730951
690 1.0
691 1.0
692 1.0
693 1.0
694 1.0
695 1.0
696 1.0
697 1.0
698 1.0
699 1.4142135623730951
700 23.958297101421877
701 1.7320508075688772
702 1.0
703 1.0
704 24.166091947189145
705 21.93171219946131
706 1.0
707 1.0
708 1.0
709 1.0
710 13.038404810405298
711 6.0
712 1.0
713 13.19090595827292
714 1.0
715 20.223748416156685
716 1.0
717 1.0
718 11.180339887498949
719 20.92844953645635
720 6.4031242374328485
721 1.4142135623730951
722 1.0
723 1.0
724 9.0
725 7.0710678118654755
726 5.385164807134504
727 1.0
728 15.427248620541512
729 1.0
730 1.0
731 1.0
732 1.0
733 1.4142135623730951
734 18.920887928424502
735 1.0
736 1.0
737 1.0
738 7.615773105863909
739 1.0
740 1.4142135623730951
741 1.0
742 13.30413469565007
743 1.0
744 1.0
745 1.0
746 21.840329667841555
747 10.954451150103322
748 1.0
749 1.0
750 1.0
751 10.63014581273465
752 1.4142135623730951
753 2.23606797749979
754 6.708203932499369
755 1.0
756 1.0
757 1.4142135623730951
758 1.0
759 1.7320508075688772
760 1.0
761 1.0
762 14.212670403551895
763 1.0
764 1.0
765 1.0
766 1.0
767 1.0
768 1.0
769 1.0
770 25.059928172283335
771 1.0
772 1.0
773 1.0
774 11.789826122551595
775 17.69180601295413
776 1.0
777 15.652475842498529
778 1.0
779 1.4142135623730951
780 1.0
781 1.0
782 2.23606797749979
783 1.0
784 1.0
785 1.0
786 13.638181696985855
787 2.449489742783178
788 4.123105625617661
789 17.916472867168917
790 1.0
791 1.0
792 1.4142135623730951
793 1.0
794 1.0
795 1.0
796 1.0
797 13.45362404707371
798 1.0
799 1.0
800 1.0
801 1.0
802 2.449489742783178
803 1.0
804 1.0
805 1.0
806 1.0
807 1.0
808 1.0
809 17.72004514666935
810 1.7320508075688772
811 1.4142135623730951
812 1.4142135623730951
813 1.0
814 1.0
815 1.0
816 1.0
817 6.324555320336759
818 1.7320508075688772
819 14.52583904633395
820 1.0
821 1.4142135623730951
822 1.0
823 1.0
824 2.0
825 24.166091947189145
826 1.0
827 14.52583904633395
828 2.0
829 15.394804318340652
830 1.0
831 4.123105625617661
832 1.0
833 17.4928556845359
834 1.0
835 1.0
836 1.0
837 20.46948949045872
838 22.47220505424423
839 16.76305461424021
840 2.0
841 1.4142135623730951
842 1.4142135623730951
843 13.92838827718412
844 19.748417658131498
845 8.0
846 1.7320508075688772
847 1.4142135623730951
848 1.0
849 1.0
850 1.0
851 8.12403840463596
852 1.0
853 12.12435565298214
854 1.0
855 1.0
856 1.0
857 1.0
858 1.0
859 1.0
860 1.0
861 21.400934559032695
862 13.152946437965905
863 1.0
864 1.4142135623730951
865 7.0710678118654755
866 1.0
867 9.219544457292887
868 18.81488772222678
869 1.0
870 1.0
871 1.0
872 1.0
873 1.0
874 1.4142135623730951
875 6.708203932499369
876 9.848857801796104
877 1.0
878 1.0
879 1.0
880 1.0
881 1.0
882 1.4142135623730951
883 1.0
884 1.0
885 13.45362404707371
886 2.0
887 14.352700094407323
888 1.0
889 11.0
890 1.0
891 1.0
892 8.94427190999916
893 13.856406460551018
894 4.123105625617661
895 1.0
896 1.0
897 1.0
898 16.24807680927192
899 14.7648230602334
900 15.556349186104045
901 1.0
902 1.0
903 1.0
904 14.177446878757825
905 9.0
906 18.681541692269406
907 1.0
908 1.0
909 1.0
910 5.196152422706632
911 12.884098726725126
912 1.0
913 15.588457268119896
914 1.0
915 1.0
916 1.0
917 1.0
918 13.45362404707371
919 11.445523142259598
920 1.0
921 1.4142135623730951
922 11.704699910719626
923 1.0
924 2.449489742783178
925 1.0
926 1.0
927 1.0
928 1.0
929 1.0
930 1.0
931 10.246950765959598
932 1.4142135623730951
933 1.0
934 1.0
935 1.0
936 1.0
937 11.789826122551595
938 1.4142135623730951
939 1.0
940 1.0
941 1.0
942 1.0
943 1.0
944 1.0
945 1.0
946 1.0
947 10.63014581273465
948 17.69180601295413
949 16.186414056238647
950 18.35755975068582
951 1.0
952 15.84297951775486
953 1.0
954 15.297058540778355
955 2.23606797749979
956 1.0
957 9.0
958 1.4142135623730951
959 1.0
960 14.247806848775006
961 1.0
962 1.0
963 1.4142135623730951
964 1.4142135623730951
965 11.916375287812984
966 3.4641016151377544
967 19.672315572906
968 1.0
969 1.0
970 13.114877048604
971 1.0
972 1.4142135623730951
973 15.033296378372908
974 14.45683229480096
975 10.488088481701515
976 1.0
977 2.23606797749979
978 1.0
979 1.0
980 1.0
981 1.0
982 16.76305461424021
983 19.05255888325765
984 1.0
985 21.0
986 16.911534525287763
987 1.0
988 1.0
989 1.0
990 1.0
991 11.357816691600547
992 1.0
993 1.0
994 6.4031242374328485
995 1.0
996 1.0
997 7.54983443527075
998 1.0
999 1.0
1000 1.0
1001 11.445523142259598
1002 1.0
1003 1.0
1004 1.0
1005 1.0
1006 1.0
1007 1.0
1008 1.0
1009 1.0
1010 14.45683229480096
1011 1.0
1012 1.0
1013 1.0
1014 1.0
1015 1.0
1016 1.0
1017 1.0
1018 1.0
1019 1.0
1020 1.0
1021 1.0
1022 1.0
1023 1.0
1024 1.0
1025 13.0
1026 14.866068747318506
1027 1.0
1028 9.273618495495704
1029 1.0
1030 1.0
1031 1.0
1032 1.7320508075688772
1033 1.0
1034 1.0
1035 9.38083151964686
1036 1.7320508075688772
1037 1.0
1038 1.4142135623730951
1039 5.477225575051661
1040 11.489125293076057
1041 7.810249675906654
1042 1.0
1043 18.027756377319946
1044 6.4031242374328485
1045 1.0
1046 1.0
1047 1.4142135623730951
1048 1.0
1049 1.4142135623730951
1050 2.449489742783178
1051 1.0
1052 1.0
1053 1.0
1054 12.12435565298214
1055 1.0
1056 1.0
1057 1.0
1058 1.0
1059 1.0
1060 2.23606797749979
1061 1.4142135623730951
1062 1.0
1063 1.0
1064 1.0
1065 13.379088160259652
1066 6.4031242374328485
1067 1.0
1068 1.0
1069 1.0
1070 7.54983443527075
1071 1.0
1072 1.0
1073 1.0
1074 1.0
1075 9.0
1076 12.083045973594572
1077 1.0
1078 1.0
1079 1.0
1080 1.0
1081 1.0
1082 1.0
1083 1.0
1084 1.0
1085 1.0
1086 10.392304845413264
1087 1.0
1088 1.0
1089 4.123105625617661
1090 1.0
1091 1.0
1092 11.0
1093 9.433981132056603
1094 14.730919862656235
1095 1.0
1096 1.4142135623730951
1097 1.0
1098 1.0
1099 13.341664064126334
1100 1.0
1101 1.0
1102 1.0
1103 23.45207879911715
1104 1.4142135623730951
1105 1.4142135623730951
1106 14.730919862656235
1107 17.69180601295413
1108 21.72556098240043
1109 1.0
1110 1.0
1111 1.4142135623730951
1112 1.0
1113 1.0
1114 1.0
1115 1.0
1116 1.0
1117 1.0
1118 1.4142135623730951
1119 16.792855623746664
1120 13.92838827718412
1121 1.0
1122 1.0
1123 1.0
1124 1.0
1125 1.0
1126 1.0
1127 6.4031242374328485
1128 1.0
1129 1.0
1130 1.0
1131 6.557438524302
1132 1.0
1133 21.2602916254693
1134 1.0
1135 1.0
1136 1.0
1137 1.0
1138 1.0
1139 1.0
1140 1.0
1141 17.320508075688775
1142 1.0
1143 1.0
1144 1.0
1145 1.0
1146 1.0
1147 15.427248620541512
1148 1.0
1149 21.95449840010015
1150 1.0
1151 13.856406460551018
1152 13.379088160259652
1153 4.0
1154 14.89966442575134
1155 1.0
1156 1.0
1157 1.0
1158 1.0
1159 1.0
1160 1.0
1161 1.0
1162 1.0
1163 1.0
1164 1.0
1165 1.4142135623730951
1166 1.0
1167 1.0
1168 1.0
1169 16.61324772583615
1170 1.0
1171 1.0
1172 1.0
1173 1.0
1174 1.0
1175 18.49324200890693
1176 23.769728648009426
1177 1.0
1178 1.0
1179 1.0
1180 1.4142135623730951
1181 1.0
1182 11.661903789690601
1183 1.0
1184 11.090536506409418
1185 1.4142135623730951
1186 1.0
1187 1.0
1188 1.0
1189 1.0
1190 1.0
1191 1.0
1192 1.0
1193 1.0
1194 8.774964387392123
1195 1.0
1196 16.401219466856727
1197 2.23606797749979
1198 1.0
1199 1.7320508075688772
1200 1.0
1201 1.0
1202 17.08800749063506
1203 1.0
1204 1.0
1205 1.0
1206 1.0
1207 18.384776310850235
1208 1.0
1209 1.0
1210 1.0
1211 2.23606797749979
1212 1.4142135623730951
1213 9.848857801796104
1214 1.7320508075688772
1215 13.152946437965905
1216 8.12403840463596
1217 1.0
1218 1.4142135623730951
1219 3.0
1220 1.0
1221 1.0
1222 12.206555615733702
1223 1.4142135623730951
1224 1.0
1225 1.0
1226 1.0
1227 2.449489742783178
1228 22.338307903688676
1229 1.0
1230 1.0
1231 1.0
1232 1.0
1233 1.0
1234 1.0
1235 1.0
1236 1.0
1237 1.0
1238 2.0
1239 1.0
1240 1.0
1241 20.049937655763422
1242 1.4142135623730951
1243 1.0
1244 1.0
1245 15.033296378372908
1246 13.601470508735444
1247 1.0
1248 1.0
1249 1.0
1250 1.4142135623730951
1251 1.0
1252 1.0
1253 1.0
1254 1.0
1255 1.0
1256 1.4142135623730951
1257 1.0
1258 1.0
1259 1.0
1260 1.4142135623730951
1261 12.12435565298214
1262 1.0
1263 1.0
1264 2.23606797749979
1265 1.0
1266 1.0
1267 1.0
1268 11.0
1269 10.677078252031311
1270 1.0
1271 1.0
1272 13.30413469565007
1273 1.0
1274 1.4142135623730951
1275 1.0
1276 1.0
1277 1.0
1278 1.0
1279 1.0
1280 1.0
1281 1.0
1282 1.0
1283 1.0
1284 9.055385138137417
1285 1.0
1286 1.0
1287 1.0
1288 1.0
1289 1.4142135623730951
1290 1.0
1291 1.0
1292 1.0
1293 1.0
1294 1.0
1295 1.4142135623730951
1296 1.0
1297 1.0
1298 1.0
1299 1.0
1300 3.0
1301 1.0
1302 1.0
1303 1.0
1304 1.0
1305 1.0
1306 1.0
1307 1.0
1308 1.0
1309 1.0
1310 1.0
1311 1.4142135623730951
1312 1.0
1313 1.0
1314 1.0
1315 1.0
1316 1.0
1317 1.4142135623730951
1318 1.0
1319 1.0
1320 1.0
1321 12.206555615733702
1322 13.152946437965905
1323 12.727922061357855
1324 9.219544457292887
1325 1.0
1326 1.0
1327 1.0
1328 1.7320508075688772
1329 1.0
1330 1.4142135623730951
1331 1.0
1332 1.0
1333 1.0
1334 1.0
1335 18.601075237738275
1336 1.0
1337 1.0
1338 14.071247279470288
1339 1.0
1340 1.0
1341 1.0
1342 1.0
1343 1.0
1344 1.0
1345 1.0
1346 1.0
1347 1.0
1348 1.0
1349 1.0
1350 1.0
1351 1.0
1352 1.0
1353 1.0
1354 8.48528137423857
1355 8.246211251235321
1356 1.0
1357 1.0
1358 1.0
1359 1.4142135623730951
1360 1.0
1361 12.206555615733702
1362 1.0
1363 21.840329667841555
1364 1.0
1365 1.0
1366 1.0
1367 1.0
1368 1.0
1369 1.0
1370 9.848857801796104
1371 1.0
1372 1.4142135623730951
1373 1.0
1374 1.0
1375 1.0
1376 22.64950330581225
1377 1.0
1378 1.0
1379 1.0
1380 1.0
1381 11.180339887498949
1382 1.0
1383 1.0
1384 1.0
1385 1.0
1386 1.0
1387 1.0
1388 1.0
1389 1.0
1390 13.114877048604
1391 11.0
1392 1.0
1393 1.4142135623730951
1394 8.717797887081348
1395 1.4142135623730951
1396 1.0
1397 1.0
1398 1.0
1399 1.0
1400 5.0990195135927845
1401 9.0
1402 1.0
1403 15.132745950421556
1404 1.0
1405 1.0
1406 1.0
1407 1.4142135623730951
1408 24.535688292770594
1409 1.0
1410 1.0
1411 1.0
1412 6.928203230275509
1413 1.0
1414 1.0
1415 19.72308292331602
1416 1.0
1417 11.661903789690601
1418 16.431676725154983
1419 1.0
1420 1.0
1421 6.4031242374328485
1422 1.0
1423 1.0
1424 1.0
1425 18.681541692269406
1426 7.3484692283495345
1427 1.0
1428 17.578395831246947
1429 1.0
1430 1.0
1431 1.0
1432 12.806248474865697
1433 1.0
1434 1.0
1435 1.0
1436 1.0
1437 1.0
1438 1.0
1439 1.0
1440 1.0
1441 1.0
1442 12.68857754044952
1443 1.0
1444 1.0
1445 1.0
1446 35.63705936241092
1447 1.0
1448 1.0
1449 1.0
1450 1.4142135623730951
1451 1.0
1452 2.449489742783178
1453 1.7320508075688772
1454 1.0
1455 1.0
1456 1.0
1457 1.0
1458 1.0
1459 1.0
1460 1.4142135623730951
1461 10.099504938362077
1462 14.45683229480096
1463 11.357816691600547
1464 1.0
1465 21.118712081942874
1466 1.7320508075688772
1467 1.0
1468 1.0
1469 8.660254037844387
1470 1.0
1471 2.449489742783178
1472 1.4142135623730951
1473 9.9498743710662
1474 1.7320508075688772
1475 13.416407864998739
1476 1.0
1477 22.38302928559939
1478 23.366642891095847
1479 1.0
1480 1.0
1481 27.874719729532707
1482 11.180339887498949
1483 1.0
1484 1.0
1485 1.0
1486 1.0
1487 1.0
1488 1.4142135623730951
1489 1.0
1490 8.12403840463596
1491 21.283796653792763
1492 1.0
1493 1.0
1494 1.0
1495 1.0
1496 1.0
1497 1.0
1498 1.0
1499 1.0
1500 21.400934559032695
1501 1.0
1502 3.4641016151377544
1503 1.0
1504 1.0
1505 1.0
1506 1.0
1507 1.4142135623730951
1508 1.0
1509 1.0
1510 1.0
1511 20.808652046684813
1512 2.0
1513 10.488088481701515
1514 1.0
1515 1.0
1516 1.0
1517 1.4142135623730951
1518 1.4142135623730951
1519 16.76305461424021
1520 1.0
1521 1.0
1522 1.0
1523 1.0
1524 1.0
1525 1.0
1526 1.0
1527 1.0
1528 1.0
1529 1.0
1530 11.704699910719626
1531 1.4142135623730951
1532 5.196152422706632
1533 5.744562646538029
1534 1.0
1535 2.23606797749979
1536 1.0
1537 1.7320508075688772
1538 1.0
1539 1.0
1540 1.0
1541 1.0
1542 1.0
1543 1.0
1544 7.54983443527075
1545 1.4142135623730951
1546 1.0
1547 1.4142135623730951
1548 9.433981132056603
1549 22.825424421026653
1550 1.0
1551 1.0
1552 1.7320508075688772
1553 2.0
1554 1.0
1555 1.0
1556 1.0
1557 1.4142135623730951
1558 1.0
1559 1.0
1560 1.0
1561 1.0
1562 1.0
1563 20.12461179749811
1564 1.0
1565 1.0
1566 5.0
1567 14.45683229480096
1568 15.588457268119896
1569 1.0
1570 1.0
1571 1.0
1572 1.4142135623730951
1573 18.81488772222678
1574 5.830951894845301
1575 1.7320508075688772
1576 1.0
1577 1.0
1578 2.0
1579 1.0
1580 15.588457268119896
1581 1.0
1582 10.04987562112089
1583 12.041594578792296
1584 2.0
1585 5.744562646538029
1586 1.0
1587 1.0
1588 1.0
1589 1.0
1590 1.0
1591 18.138357147217054
1592 1.0
1593 15.524174696260024
1594 1.0
1595 1.0
1596 1.0
1597 1.0
1598 1.0
1599 1.0
1600 1.0
1601 1.4142135623730951
1602 1.0
1603 1.0
1604 1.0
1605 1.0
1606 1.0
1607 1.0
1608 22.360679774997898
1609 13.038404810405298
1610 1.0
1611 1.0
1612 1.0
1613 1.0
1614 1.0
1615 1.0
1616 1.0
1617 1.0
1618 1.0
1619 1.0
1620 1.0
1621 1.0
1622 1.0
1623 1.4142135623730951
1624 1.0
1625 1.0
1626 1.0
1627 1.0
1628 19.697715603592208
1629 1.0
1630 1.0
1631 1.0
1632 4.123105625617661
1633 1.0
1634 1.4142135623730951
1635 20.8806130178211
1636 1.0
1637 1.0
1638 1.0
1639 38.262252939417984
1640 1.0
1641 6.48074069840786
1642 1.0
1643 4.123105625617661
1644 1.0
1645 1.0
1646 1.0
1647 1.0
1648 1.0
1649 15.684387141358123
1650 1.0
1651 1.0
1652 1.0
1653 1.0
1654 1.0
1655 17.11724276862369
1656 1.0
1657 1.0
1658 8.48528137423857
1659 1.0
1660 1.4142135623730951
1661 10.246950765959598
1662 1.0
1663 1.0
1664 1.0
1665 8.12403840463596
1666 1.0
1667 1.0
1668 1.0
1669 1.4142135623730951
1670 1.4142135623730951
1671 9.38083151964686
1672 9.848857801796104
1673 13.30413469565007
1674 1.0
1675 1.4142135623730951
1676 1.0
1677 1.0
1678 1.0
1679 19.4164878389476
1680 1.7320508075688772
1681 11.575836902790225
1682 1.4142135623730951
1683 1.0
1684 1.0
1685 6.4031242374328485
1686 1.0
1687 1.0
1688 1.0
1689 1.0
1690 1.4142135623730951
1691 1.0
1692 1.0
1693 1.0
1694 1.0
1695 1.0
1696 1.0
1697 1.0
1698 1.0
1699 1.0
1700 1.0
1701 1.0
1702 3.7416573867739413
1703 1.0
1704 1.0
1705 1.0
1706 1.0
1707 3.7416573867739413
1708 1.0
1709 10.488088481701515
1710 1.0
1711 1.0
1712 9.848857801796104
1713 15.0
1714 10.770329614269007
1715 1.0
1716 9.848857801796104
1717 1.0
1718 1.0
1719 1.0
1720 1.0
1721 1.0
1722 1.0
1723 1.0
1724 1.0
1725 1.0
1726 1.0
1727 1.0
1728 1.0
1729 1.0
1730 1.0
1731 1.0
1732 1.0
1733 1.0
1734 1.0
1735 1.0
1736 13.416407864998739
1737 2.449489742783178
1738 1.0
1739 5.744562646538029
1740 4.123105625617661
1741 3.0
1742 1.0
1743 17.0
1744 6.4031242374328485
1745 1.0
1746 4.69041575982343
1747 1.0
1748 1.4142135623730951
1749 1.0
1750 1.0
1751 1.0
1752 12.727922061357855
1753 4.123105625617661
1754 1.4142135623730951
1755 12.36931687685298
1756 25.0
1757 1.0
1758 5.385164807134504
1759 1.7320508075688772
1760 1.4142135623730951
1761 1.4142135623730951
1762 1.0
1763 9.273618495495704
1764 1.0
1765 1.0
1766 1.7320508075688772
1767 1.0
1768 1.4142135623730951
1769 1.0
1770 1.0
1771 1.0
1772 1.0
1773 1.0
1774 19.131126469708992
1775 1.0
1776 7.810249675906654
1777 18.627936010197157
1778 5.385164807134504
1779 1.0
1780 1.0
1781 13.74772708486752
1782 1.0
1783 1.0
1784 1.0
1785 14.212670403551895
1786 28.24889378365107
1787 16.76305461424021
1788 2.449489742783178
1789 9.273618495495704
1790 1.4142135623730951
1791 1.0
1792 1.0
1793 1.0
1794 1.4142135623730951
1795 9.848857801796104
1796 13.45362404707371
1797 1.0
1798 1.0
1799 1.0
1800 1.0
1801 1.0
1802 4.123105625617661
1803 1.4142135623730951
1804 13.0
1805 12.449899597988733
1806 1.4142135623730951
1807 1.0
1808 1.7320508075688772
1809 1.0
1810 1.0
1811 17.97220075561143
1812 15.0
1813 15.0
1814 1.0
1815 1.0
1816 1.0
1817 1.0
1818 2.449489742783178
1819 2.449489742783178
1820 2.23606797749979
1821 1.0
1822 1.7320508075688772
1823 1.0
1824 1.0
1825 17.72004514666935
1826 1.0
1827 1.7320508075688772
1828 1.0
1829 2.23606797749979
1830 1.0
1831 1.0
1832 1.4142135623730951
1833 21.95449840010015
1834 1.7320508075688772
1835 20.591260281974
1836 1.4142135623730951
1837 1.0
1838 1.0
1839 1.0
1840 10.770329614269007
1841 9.273618495495704
1842 28.0178514522438
1843 1.0
1844 1.0
1845 1.0
1846 1.0
1847 1.0
1848 1.0
1849 12.041594578792296
1850 6.4031242374328485
1851 12.083045973594572
1852 8.12403840463596
1853 8.12403840463596
1854 8.246211251235321
1855 1.4142135623730951
1856 2.449489742783178
1857 1.0
1858 1.0
1859 1.0
1860 1.0
1861 1.0
1862 14.89966442575134
1863 1.0
1864 8.12403840463596
1865 13.038404810405298
1866 9.433981132056603
1867 24.269322199023193
1868 1.7320508075688772
1869 1.0
1870 1.4142135623730951
1871 1.0
1872 1.0
1873 1.0
1874 1.0
1875 22.0
1876 1.0
1877 16.97056274847714
1878 15.0
1879 13.96424004376894
1880 1.4142135623730951
1881 1.0
1882 1.0
1883 1.0
1884 1.0
1885 1.0
1886 21.02379604162864
1887 1.0
1888 1.0
1889 1.0
1890 1.0
1891 13.45362404707371
1892 1.0
1893 13.379088160259652
1894 17.69180601295413
1895 12.36931687685298
1896 1.0
1897 15.0
1898 22.293496809607955
1899 10.198039027185569
1900 21.93171219946131
1901 30.805843601498726
1902 1.0
1903 1.0
1904 21.400934559032695
1905 1.0
1906 1.0
1907 6.4031242374328485
1908 8.246211251235321
1909 12.041594578792296
1910 11.090536506409418
1911 1.0
1912 1.0
1913 8.54400374531753
1914 16.673332000533065
1915 1.0
1916 2.23606797749979
1917 1.4142135623730951
1918 16.15549442140351
1919 15.652475842498529
1920 1.0
1921 1.0
1922 1.4142135623730951
1923 1.0
1924 1.4142135623730951
1925 1.0
1926 1.4142135623730951
1927 1.0
1928 1.0
1929 1.0
1930 11.357816691600547
1931 1.0
1932 9.899494936611665
1933 1.0
1934 1.0
1935 1.0
1936 10.04987562112089
1937 2.8284271247461903
1938 1.0
1939 9.38083151964686
1940 7.211102550927978
1941 8.602325267042627
1942 1.0
1943 1.0
1944 2.0
1945 1.0
1946 1.0
1947 1.0
1948 1.4142135623730951
1949 10.246950765959598
1950 1.0
1951 1.0
1952 1.0
1953 1.0
1954 1.0
1955 1.0
1956 1.0
1957 1.0
1958 1.0
1959 1.7320508075688772
1960 1.0
1961 1.0
1962 1.0
1963 1.0
1964 1.0
1965 1.0
1966 1.0
1967 1.0
1968 5.0
1969 1.0
1970 1.0
1971 5.744562646538029
1972 7.810249675906654
1973 1.0
1974 1.0
1975 1.0
1976 1.0
1977 1.0
1978 1.0
1979 1.0
1980 1.0
1981 1.0
1982 1.0
1983 2.0
1984 1.0
1985 1.0
1986 1.4142135623730951
1987 1.0
1988 1.0
1989 1.0
1990 1.0
1991 1.0
1992 1.0
1993 1.0
1994 1.0
1995 1.0
