1 1.0
2 1.0
3 1.0
4 1.0
5 1.0
6 2.0
7 1.0
8 1.0
9 1.0
10 1.0
11 1.0
12 1.0
13 1.0
14 1.0
15 1.0
16 1.0
17 1.0
18 1.0
19 1.0
20 1.0
21 1.0
22 1.0
23 1.0
24 1.0
25 1.0
26 1.0
27 7.0710678118654755
28 11.0
29 1.0
30 1.0
31 1.0
32 12.68857754044952
33 4.123105625617661
34 1.4142135623730951
35 5.0
36 1.4142135623730951
37 2.23606797749979
38 9.433981132056603
39 11.40175425099138
40 1.0
41 1.0
42 1.0
43 7.54983443527075
44 4.58257569495584
45 1.4142135623730951
46 9.1104335791443
47 1.0
48 1.0
49 1.0
50 9.273618495495704
51 1.0
52 1.0
53 1.0
54 1.0
55 1.0
56 1.0
57 1.0
58 1.0
59 1.0
60 1.0
61 1.0
62 1.0
63 1.0
64 1.0
65 20.83266665599966
66 1.0
67 1.4142135623730951
68 1.0
69 1.0
70 1.0
71 1.0
72 10.0
73 1.0
74 1.0
75 1.0
76 1.0
77 1.0
78 1.0
79 1.0
80 1.0
81 4.47213595499958
82 7.211102550927978
83 1.0
84 1.0
85 2.0
86 1.4142135623730951
87 12.409673645990857
88 1.0
89 3.605551275463989
90 1.0
91 1.0
92 1.0
93 2.23606797749979
94 1.4142135623730951
95 9.899494936611665
96 8.06225774829855
97 6.324555320336759
98 1.4142135623730951
99 1.0
100 1.0
101 1.0
102 1.7320508075688772
103 13.45362404707371
104 12.083045973594572
105 1.0
106 22.045407685048602
107 1.0
108 1.0
109 19.6468827043885
110 1.0
111 1.0
112 1.0
113 1.0
114 1.4142135623730951
115 13.076696830622021
116 21.047565179849187
117 19.6468827043885
118 1.0
119 1.0
120 18.384776310850235
121 1.4142135623730951
122 26.645825188948457
123 21.37755832643195
124 1.0
125 14.560219778561036
126 1.0
127 9.0
128 14.7648230602334
129 1.4142135623730951
130 11.575836902790225
131 16.97056274847714
132 1.0
133 19.05255888325765
134 2.449489742783178
135 1.0
136 1.0
137 1.4142135623730951
138 17.72004514666935
139 21.95449840010015
140 19.72308292331602
141 1.0
142 13.038404810405298
143 1.0
144 1.0
145 1.0
146 1.4142135623730951
147 1.4142135623730951
148 1.0
149 28.178005607210743
150 21.213203435596427
151 11.575836902790225
152 1.7320508075688772
153 20.09975124224178
154 4.123105625617661
155 27.0
156 2.449489742783178
157 1.0
158 3.0
159 1.4142135623730951
160 1.0
161 3.7416573867739413
162 1.0
163 13.564659966250536
164 1.7320508075688772
165 1.0
166 17.029386365926403
167 2.449489742783178
168 1.0
169 1.0
170 1.0
171 1.0
172 1.0
173 1.0
174 2.23606797749979
175 3.0
176 1.7320508075688772
177 1.0
178 20.322401432901575
179 1.0
180 2.23606797749979
181 16.822603841260722
182 2.449489742783178
183 1.4142135623730951
184 2.8284271247461903
185 16.673332000533065
186 3.4641016151377544
187 13.30413469565007
188 1.0
189 1.0
190 2.23606797749979
191 1.4142135623730951
192 2.449489742783178
193 1.0
194 1.7320508075688772
195 1.0
196 17.320508075688775
197 1.0
198 1.7320508075688772
199 1.0
200 1.0
201 1.4142135623730951
202 1.0
203 5.0
204 1.0
205 1.0
206 1.0
207 14.142135623730951
208 15.297058540778355
209 1.0
210 18.411952639521967
211 1.0
212 1.0
213 1.0
214 1.7320508075688772
215 1.0
216 1.0
217 1.0
218 1.0
219 19.261360284258224
220 1.0
221 1.0
222 1.0
223 1.0
224 1.0
225 1.4142135623730951
226 1.0
227 1.0
228 1.0
229 1.0
230 1.0
231 2.23606797749979
232 1.0
233 1.0
234 1.0
235 1.0
236 1.0
237 15.84297951775486
238 1.4142135623730951
239 1.4142135623730951
240 2.0
241 1.0
242 1.0
243 35.014282800023196
244 1.0
245 1.0
246 1.4142135623730951
247 1.7320508075688772
248 2.23606797749979
249 1.4142135623730951
250 1.0
251 1.0
252 1.0
253 1.0
254 1.0
255 28.071337695236398
256 1.0
257 1.7320508075688772
258 1.0
259 1.4142135623730951
260 3.3166247903554
261 1.4142135623730951
262 1.0
263 1.0
264 1.0
265 1.0
266 1.0
267 1.0
268 1.0
269 14.560219778561036
270 13.96424004376894
271 1.0
272 1.4142135623730951
273 1.4142135623730951
274 1.0
275 1.0
276 1.0
277 1.0
278 4.69041575982343
279 1.0
280 1.0
281 1.0
282 2.449489742783178
283 8.246211251235321
284 6.4031242374328485
285 1.0
286 1.0
287 18.439088914585774
288 16.186414056238647
289 11.357816691600547
290 6.4031242374328485
291 7.483314773547883
292 1.0
293 22.293496809607955
294 1.0
295 17.88854381999832
296 18.2208671582886
297 1.7320508075688772
298 19.0
299 21.0
300 1.0
301 1.0
302 6.928203230275509
303 18.027756377319946
304 1.4142135623730951
305 2.23606797749979
306 1.4142135623730951
307 17.69180601295413
308 10.770329614269007
309 1.0
310 3.4641016151377544
311 1.0
312 6.708203932499369
313 1.0
314 18.138357147217054
315 1.7320508075688772
316 9.273618495495704
317 1.0
318 24.61706725018234
319 1.4142135623730951
320 1.0
321 1.0
322 20.493901531919196
323 1.0
324 1.0
325 1.0
326 1.0
327 1.0
328 1.0
329 1.0
330 1.0
331 1.0
332 1.0
333 1.0
334 1.0
335 1.0
336 1.0
337 7.211102550927978
338 1.0
339 20.0
340 1.0
341 1.0
342 1.4142135623730951
343 1.0
344 2.0
345 1.0
346 16.0312195418814
347 2.0
348 1.0
349 1.0
350 1.0
351 1.0
352 1.0
353 1.0
354 1.0
355 1.7320508075688772
356 1.0
357 1.7320508075688772
358 25.96150997149434
359 1.0
360 1.0
361 1.0
362 4.123105625617661
363 2.0
364 1.0
365 13.856406460551018
366 19.72308292331602
367 2.23606797749979
368 1.0
369 1.0
370 1.4142135623730951
371 1.4142135623730951
372 1.0
373 1.0
374 6.4031242374328485
375 1.0
376 1.0
377 12.727922061357855
378 1.0
379 1.0
380 1.0
381 1.0
382 1.0
383 1.0
384 1.0
385 1.7320508075688772
386 1.7320508075688772
387 1.0
388 19.748417658131498
389 10.344080432788601
390 1.0
391 1.0
392 1.0
393 1.0
394 1.0
395 1.0
396 1.0
397 1.0
398 1.0
399 1.4142135623730951
400 1.0
401 1.0
402 1.7320508075688772
403 1.0
404 1.0
405 1.4142135623730951
406 1.4142135623730951
407 1.0
408 1.0
409 1.0
410 29.698484809834994
411 1.4142135623730951
412 1.4142135623730951
413 1.7320508075688772
414 1.4142135623730951
415 1.0
416 1.7320508075688772
417 1.0
418 2.23606797749979
419 18.24828759089466
420 1.0
421 1.0
422 1.0
423 1.0
424 1.0
425 1.4142135623730951
426 1.0
427 10.246950765959598
428 18.0
429 36.6333181680284
430 1.0
431 1.7320508075688772
432 1.0
433 1.4142135623730951
434 9.0
435 1.0
436 3.4641016151377544
437 1.0
438 1.0
439 11.224972160321824
440 9.0
441 1.0
442 22.045407685048602
443 1.0
444 1.0
445 1.0
446 1.0
447 1.0
448 9.695359714832659
449 9.899494936611665
450 1.0
451 1.4142135623730951
452 1.0
453 1.0
454 1.0
455 1.4142135623730951
456 1.0
457 1.0
458 2.0
459 1.0
460 1.0
461 10.246950765959598
462 1.0
463 1.0
464 1.0
465 1.0
466 1.0
467 1.0
468 1.0
469 11.045361017187261
470 1.0
471 6.557438524302
472 16.186414056238647
473 1.0
474 1.0
475 1.0
476 1.0
477 2.23606797749979
478 8.12403840463596
479 1.0
480 16.881943016134134
481 1.0
482 1.0
483 1.0
484 1.0
485 1.0
486 1.0
487 20.784609690826528
488 1.0
489 5.656854249492381
490 1.0
491 1.0
492 1.0
493 1.0
494 1.0
495 1.0
496 17.029386365926403
497 1.4142135623730951
498 16.278820596099706
499 1.0
500 1.0
501 1.0
502 1.0
503 1.0
504 1.0
505 1.0
506 3.4641016151377544
507 2.23606797749979
508 11.489125293076057
509 1.0
510 5.385164807134504
511 1.0
512 1.0
513 2.8284271247461903
514 1.0
515 14.035668847618199
516 1.0
517 7.3484692283495345
518 1.0
519 1.4142135623730951
520 12.884098726725126
521 1.0
522 1.0
523 7.810249675906654
524 1.0
525 1.0
526 1.0
527 11.704699910719626
528 22.360679774997898
529 5.477225575051661
530 1.0
531 2.0
532 1.0
533 22.338307903688676
534 12.36931687685298
535 1.0
536 1.0
537 1.0
538 17.88854381999832
539 1.0
540 3.3166247903554
541 1.4142135623730951
542 1.0
543 18.601075237738275
544 1.0
545 4.58257569495584
546 1.0
547 1.0
548 1.0
549 19.1049731745428
550 15.066519173319364
551 1.0
552 1.0
553 1.0
554 1.0
555 1.0
556 1.0
557 1.4142135623730951
558 1.4142135623730951
559 1.0
560 10.04987562112089
561 1.0
562 1.0
563 15.066519173319364
564 16.278820596099706
565 2.449489742783178
566 1.0
567 1.4142135623730951
568 21.563858652847824
569 1.0
570 13.0
571 4.123105625617661
572 5.744562646538029
573 17.916472867168917
574 4.69041575982343
575 1.7320508075688772
576 1.4142135623730951
577 1.0
578 1.7320508075688772
579 1.4142135623730951
580 3.0
581 12.12435565298214
582 1.4142135623730951
583 1.4142135623730951
584 1.0
585 1.4142135623730951
586 1.0
587 1.4142135623730951
588 1.0
589 1.0
590 1.0
591 1.4142135623730951
592 13.2664991614216
593 21.400934559032695
594 16.76305461424021
595 1.0
596 1.0
597 1.0
598 4.358898943540674
599 12.36931687685298
600 5.830951894845301
601 1.0
602 1.0
603 22.360679774997898
604 1.4142135623730951
605 1.0
606 14.142135623730951
607 1.0
608 1.0
609 1.0
610 10.488088481701515
611 15.297058540778355
612 1.0
613 1.4142135623730951
614 1.4142135623730951
615 1.0
616 1.0
617 1.4142135623730951
618 11.74734012447073
619 26.49528259898354
620 21.93171219946131
621 1.4142135623730951
622 1.0
623 1.0
624 27.51363298439521
625 17.0
626 1.0
627 16.1245154965971
628 17.320508075688775
629 1.4142135623730951
630 29.13760456866693
631 3.0
632 24.041630560342615
633 1.0
634 1.0
635 1.4142135623730951
636 1.7320508075688772
637 1.0
638 1.0
639 1.4142135623730951
640 1.4142135623730951
641 1.0
642 18.49324200890693
643 1.0
644 1.4142135623730951
645 15.524174696260024
646 1.0
647 2.449489742783178
648 1.4142135623730951
649 24.392621835300936
650 17.72004514666935
651 19.748417658131498
652 13.490737563232042
653 1.4142135623730951
654 11.789826122551595
655 1.4142135623730951
656 1.0
657 1.4142135623730951
658 16.24807680927192
659 1.4142135623730951
660 20.223748416156685
661 16.15549442140351
662 7.0
663 1.4142135623730951
664 1.0
665 1.0
666 1.0
667 1.0
668 1.4142135623730951
669 1.0
670 1.0
671 1.0
672 1.0
673 1.0
674 1.4142135623730951
675 5.0
676 1.0
677 1.0
678 1.0
679 1.0
680 1.4142135623730951
681 1.0
682 1.0
683 1.0
684 2.23606797749979
685 11.874342087037917
686 1.4142135623730951
687 3.605551275463989
688 1.0
689 1.0
690 1.4142135623730951
691 1.0
692 2.8284271247461903
693 1.0
694 1.0
695 1.4142135623730951
696 7.483314773547883
697 2.23606797749979
698 4.69041575982343
699 23.259406699226016
700 1.4142135623730951
701 13.0
702 1.0
703 11.704699910719626
704 1.0
705 15.556349186104045
706 1.0
707 1.0
708 3.4641016151377544
709 1.7320508075688772
710 3.0
711 1.0
712 1.0
713 1.0
714 2.0
715 1.0
716 1.0
717 1.0
718 1.0
719 1.0
720 1.0
721 14.352700094407323
722 1.0
723 1.0
724 1.0
725 1.0
726 11.0
727 2.23606797749979
728 1.0
729 1.0
730 1.0
731 1.0
732 1.0
733 1.0
734 13.038404810405298
735 1.0
736 1.0
737 1.4142135623730951
738 6.4031242374328485
739 13.856406460551018
740 1.0
741 7.0
742 1.0
743 1.0
744 1.0
745 1.4142135623730951
746 18.788294228055936
747 1.0
748 1.0
749 11.0
750 14.45683229480096
751 15.165750888103101
752 1.4142135623730951
753 1.0
754 1.0
755 12.12435565298214
756 1.4142135623730951
757 19.026297590440446
758 1.0
759 3.7416573867739413
760 9.219544457292887
761 18.627936010197157
762 9.273618495495704
763 1.0
764 10.488088481701515
765 1.0
766 17.72004514666935
767 1.0
768 23.769728648009426
769 2.449489742783178
770 1.0
771 1.0
772 1.0
773 1.4142135623730951
774 1.4142135623730951
775 1.0
776 1.0
777 1.0
778 1.0
779 1.0
780 1.0
781 16.0312195418814
782 1.7320508075688772
783 1.4142135623730951
784 1.7320508075688772
785 1.4142135623730951
786 8.774964387392123
787 1.0
788 1.0
789 1.0
790 1.0
791 13.490737563232042
792 16.76305461424021
793 1.0
794 7.54983443527075
795 14.0
796 1.4142135623730951
797 1.0
798 30.643106892089126
799 1.7320508075688772
800 1.0
801 1.0
802 1.0
803 14.45683229480096
804 1.0
805 1.0
806 1.0
807 1.0
808 1.0
809 1.0
810 17.320508075688775
811 1.0
812 9.643650760992955
813 20.248456731316587
814 6.4031242374328485
815 1.4142135623730951
816 23.769728648009426
817 18.627936010197157
818 1.0
819 4.69041575982343
820 13.038404810405298
821 1.0
822 1.4142135623730951
823 1.0
824 9.16515138991168
825 10.723805294763608
826 1.0
827 1.0
828 2.23606797749979
829 21.37755832643195
830 1.0
831 12.649110640673518
832 20.46948949045872
833 27.459060435491963
834 1.0
835 1.0
836 1.0
837 4.69041575982343
838 1.0
839 1.0
840 1.0
841 1.0
842 1.0
843 1.0
844 1.0
845 1.0
846 1.7320508075688772
847 1.0
848 13.30413469565007
849 1.7320508075688772
850 2.449489742783178
851 1.7320508075688772
852 1.4142135623730951
853 1.4142135623730951
854 1.4142135623730951
855 1.4142135623730951
856 16.55294535724685
857 1.7320508075688772
858 1.4142135623730951
859 1.0
860 1.0
861 15.033296378372908
862 1.0
863 1.0
864 25.80697580112788
865 1.0
866 1.0
867 4.123105625617661
868 1.7320508075688772
869 30.479501308256342
870 1.4142135623730951
871 10.392304845413264
872 1.0
873 1.0
874 18.275666882497067
875 26.0
876 1.4142135623730951
877 1.0
878 1.0
879 1.0
880 1.0
881 19.1049731745428
882 16.186414056238647
883 18.49324200890693
884 1.0
885 1.0
886 1.0
887 1.0
888 1.0
889 23.345235059857504
890 1.0
891 21.447610589527216
892 1.0
893 1.7320508075688772
894 1.0
895 9.055385138137417
896 1.0
897 15.937377450509228
898 1.0
899 1.0
900 1.0
901 1.0
902 1.0
903 1.0
904 1.0
905 1.0
906 3.0
907 1.0
908 20.518284528683193
909 12.24744871391589
910 1.0
911 21.37755832643195
912 17.4928556845359
913 1.0
914 10.63014581273465
915 1.0
916 1.0
917 1.0
918 1.0
919 1.0
920 1.0
921 21.470910553583888
922 20.024984394500787
923 14.142135623730951
924 22.516660498395403
925 1.4142135623730951
926 1.4142135623730951
927 1.0
928 1.7320508075688772
929 1.4142135623730951
930 2.23606797749979
931 3.4641016151377544
932 3.0
933 1.0
934 1.4142135623730951
935 2.23606797749979
936 6.708203932499369
937 22.293496809607955
938 20.73644135332772
939 1.0
940 8.660254037844387
941 1.0
942 2.449489742783178
943 12.206555615733702
944 22.825424421026653
945 1.0
946 2.449489742783178
947 1.0
948 1.0
949 1.0
950 19.87460691435179
951 5.385164807134504
952 1.4142135623730951
953 1.0
954 1.0
955 1.0
956 1.0
957 20.688160865577203
958 1.0
959 1.7320508075688772
960 1.0
961 1.0
962 1.0
963 15.652475842498529
964 25.298221281347036
965 1.0
966 1.0
967 1.0
968 1.7320508075688772
969 14.866068747318506
970 1.0
971 1.0
972 20.248456731316587
973 24.413111231467404
974 1.0
975 1.0
976 1.0
977 12.041594578792296
978 1.0
979 1.0
980 22.11334438749598
981 1.0
982 18.920887928424502
983 1.0
984 1.0
985 1.4142135623730951
986 1.0
987 1.0
988 1.0
989 1.0
990 1.0
991 1.0
992 1.0
993 1.7320508075688772
994 1.0
995 23.345235059857504
996 1.0
997 1.0
998 9.9498743710662
999 1.0
1000 11.045361017187261
1001 1.0
1002 26.0
1003 1.0
1004 1.0
1005 1.0
1006 1.0
1007 1.0
1008 1.0
1009 1.0
1010 24.351591323771842
1011 18.973665961010276
1012 1.0
1013 16.0312195418814
1014 23.600847442411894
1015 1.0
1016 29.154759474226502
1017 1.0
1018 16.24807680927192
1019 1.4142135623730951
1020 13.416407864998739
1021 1.0
1022 1.0
1023 1.0
1024 1.0
1025 1.0
1026 1.0
1027 1.0
1028 1.0
1029 1.0
1030 10.63014581273465
1031 1.0
1032 1.0
1033 1.0
1034 10.04987562112089
1035 1.0
1036 1.0
1037 1.0
1038 1.0
1039 1.0
1040 1.0
1041 1.0
1042 1.0
1043 1.0
1044 1.0
1045 1.0
1046 6.557438524302
1047 1.0
1048 1.0
1049 1.0
1050 1.0
1051 7.280109889280518
1052 2.0
1053 1.0
1054 1.0
1055 16.1245154965971
1056 1.0
1057 1.0
1058 1.4142135623730951
1059 1.0
1060 1.0
1061 1.0
1062 1.0
1063 1.0
1064 1.0
1065 1.0
1066 1.0
1067 1.4142135623730951
1068 9.0
1069 1.0
1070 1.0
1071 1.0
1072 1.0
1073 1.0
1074 1.0
1075 1.4142135623730951
1076 1.0
1077 1.0
1078 1.0
1079 1.0
1080 1.0
1081 7.3484692283495345
1082 1.0
1083 1.0
1084 1.0
1085 1.0
1086 1.0
1087 4.898979485566356
1088 1.0
1089 16.522711641858304
1090 1.0
1091 1.0
1092 1.0
1093 10.198039027185569
1094 1.0
1095 1.0
1096 2.449489742783178
1097 1.0
1098 14.035668847618199
1099 1.0
1100 18.138357147217054
1101 1.0
1102 7.54983443527075
1103 1.0
1104 1.0
1105 1.4142135623730951
1106 1.0
1107 1.0
1108 1.4142135623730951
1109 1.0
1110 1.0
1111 1.0
1112 1.0
1113 1.0
1114 1.0
1115 1.0
1116 1.0
1117 2.449489742783178
1118 1.0
1119 1.0
1120 1.0
1121 1.0
1122 1.0
1123 1.0
1124 1.0
1125 1.0
1126 1.0
1127 1.0
1128 1.0
1129 1.0
1130 1.0
1131 1.0
1132 1.0
1133 1.0
1134 1.0
1135 9.848857801796104
1136 1.0
1137 1.0
1138 1.0
1139 2.23606797749979
1140 1.0
1141 1.0
1142 3.4641016151377544
1143 1.0
1144 1.0
1145 2.23606797749979
1146 1.0
1147 1.0
1148 28.705400188814647
1149 1.0
1150 8.48528137423857
1151 5.196152422706632
1152 1.0
1153 1.0
1154 1.0
1155 21.37755832643195
1156 1.4142135623730951
1157 15.588457268119896
1158 7.54983443527075
1159 1.0
1160 13.45362404707371
1161 1.0
1162 1.4142135623730951
1163 1.0
1164 1.7320508075688772
1165 1.0
1166 20.42057785666214
1167 1.0
1168 1.0
1169 1.0
1170 8.717797887081348
1171 1.0
1172 1.4142135623730951
1173 1.4142135623730951
1174 1.0
1175 1.0
1176 12.806248474865697
1177 2.0
1178 1.0
1179 1.0
1180 19.519221295943137
1181 6.708203932499369
1182 1.0
1183 12.206555615733702
1184 18.708286933869708
1185 1.0
1186 1.0
1187 1.4142135623730951
1188 13.416407864998739
1189 1.0
1190 6.4031242374328485
1191 15.524174696260024
1192 1.0
1193 1.4142135623730951
1194 1.0
1195 1.0
1196 1.0
1197 1.7320508075688772
1198 1.7320508075688772
1199 1.0
1200 1.0
1201 1.0
1202 1.0
1203 20.8806130178211
1204 1.0
1205 1.0
1206 1.0
1207 11.575836902790225
1208 1.0
1209 1.0
1210 17.291616465790582
1211 20.784609690826528
1212 1.4142135623730951
1213 1.0
1214 1.0
1215 3.0
1216 1.0
1217 1.0
1218 1.7320508075688772
1219 1.4142135623730951
1220 26.248809496813376
1221 1.0
1222 12.206555615733702
1223 17.832554500127006
1224 8.366600265340756
1225 20.223748416156685
1226 14.142135623730951
1227 1.4142135623730951
1228 1.0
1229 1.4142135623730951
1230 9.433981132056603
1231 14.45683229480096
1232 2.449489742783178
1233 3.605551275463989
1234 1.0
1235 9.899494936611665
1236 14.071247279470288
1237 2.449489742783178
1238 1.0
1239 7.874007874011811
1240 1.4142135623730951
1241 2.23606797749979
1242 29.832867780352597
1243 1.0
1244 19.131126469708992
1245 1.4142135623730951
1246 1.0
1247 1.4142135623730951
1248 1.0
1249 1.0
1250 1.0
1251 4.0
1252 15.588457268119896
1253 1.4142135623730951
1254 18.384776310850235
1255 1.0
1256 1.0
1257 1.7320508075688772
1258 1.4142135623730951
1259 1.0
1260 2.8284271247461903
1261 1.0
1262 1.0
1263 1.0
1264 10.770329614269007
1265 1.0
1266 1.4142135623730951
1267 1.0
1268 11.313708498984761
1269 1.0
1270 1.0
1271 17.0
1272 1.0
1273 1.0
1274 1.0
1275 1.0
1276 15.588457268119896
1277 8.717797887081348
1278 1.0
1279 1.4142135623730951
1280 1.7320508075688772
1281 1.0
1282 36.11094017053558
1283 12.68857754044952
1284 1.0
1285 1.0
1286 20.639767440550294
1287 8.366600265340756
1288 22.045407685048602
1289 16.73320053068151
1290 14.071247279470288
1291 24.71841418861655
1292 27.76688675382964
1293 13.601470508735444
1294 7.0
1295 6.928203230275509
1296 2.23606797749979
1297 1.0
1298 1.0
1299 24.0
1300 1.0
1301 21.02379604162864
1302 1.0
1303 1.0
1304 1.0
1305 1.0
1306 1.0
1307 31.400636936215164
1308 35.07135583350036
1309 1.0
1310 1.0
1311 1.0
1312 6.164414002968976
1313 1.7320508075688772
1314 1.0
1315 1.4142135623730951
1316 1.0
1317 2.449489742783178
1318 1.0
1319 1.4142135623730951
1320 1.0
1321 1.0
1322 1.0
1323 27.748873851023216
1324 1.4142135623730951
1325 1.4142135623730951
1326 1.4142135623730951
1327 1.0
1328 1.0
1329 1.0
1330 1.0
1331 3.0
1332 2.23606797749979
1333 2.23606797749979
1334 1.0
1335 1.0
1336 1.0
1337 25.98076211353316
1338 14.866068747318506
1339 1.4142135623730951
1340 1.4142135623730951
1341 24.677925358506133
1342 1.0
1343 1.0
1344 1.0
1345 2.449489742783178
1346 1.0
1347 1.0
1348 23.727621035409346
1349 1.0
1350 1.0
1351 2.23606797749979
1352 1.0
1353 1.4142135623730951
1354 8.54400374531753
1355 1.4142135623730951
1356 11.357816691600547
1357 1.0
1358 1.0
1359 1.0
1360 6.082762530298219
1361 7.211102550927978
1362 1.0
1363 1.4142135623730951
1364 17.320508075688775
1365 18.275666882497067
1366 1.0
1367 1.0
1368 1.7320508075688772
1369 13.152946437965905
1370 5.196152422706632
1371 1.0
1372 20.12461179749811
1373 27.0
1374 24.08318915758459
1375 1.0
1376 17.0
1377 1.0
1378 1.4142135623730951
1379 1.0
1380 25.019992006393608
1381 1.0
1382 2.449489742783178
1383 1.0
1384 1.0
1385 11.0
1386 10.04987562112089
1387 14.317821063276353
1388 1.0
1389 1.0
1390 1.0
1391 9.433981132056603
1392 18.867962264113206
1393 1.0
1394 1.0
1395 1.0
1396 3.0
1397 1.7320508075688772
1398 21.840329667841555
1399 13.45362404707371
1400 9.433981132056603
1401 14.212670403551895
1402 7.810249675906654
1403 1.0
1404 14.52583904633395
1405 2.449489742783178
1406 20.808652046684813
1407 21.61018278497431
1408 1.0
1409 1.0
1410 16.97056274847714
1411 13.30413469565007
1412 10.816653826391969
1413 1.4142135623730951
1414 1.0
1415 1.0
1416 1.0
1417 12.0
1418 2.23606797749979
1419 16.76305461424021
1420 1.0
1421 16.0312195418814
1422 12.36931687685298
1423 1.0
1424 9.0
1425 1.0
1426 1.0
1427 1.4142135623730951
1428 4.47213595499958
1429 1.0
1430 4.47213595499958
1431 1.0
1432 1.0
1433 1.0
