1 1.4142135623730951
2 1.7320508075688772
3 1.4142135623730951
4 32.63433774416144
1 1.4142135623730951
2 1.7320508075688772
3 1.4142135623730951
4 32.63433774416144
5 55.614746245937326
6 1.0
7 1.0
8 37.5632799419859
9 20.223748416156685
10 1.7320508075688772
11 34.655446902326915
12 28.442925306655784
13 1.4142135623730951
14 1.7320508075688772
15 1.7320508075688772
16 27.712812921102035
17 1.4142135623730951
18 1.0
19 1.4142135623730951
20 1.0
21 1.4142135623730951
22 1.7320508075688772
23 1.0
24 1.4142135623730951
25 1.0
26 39.6232255123179
27 1.4142135623730951
28 22.0
29 1.0
30 1.0
31 2.449489742783178
32 1.0
33 3.7416573867739413
34 1.0
35 1.7320508075688772
36 43.289721643826724
37 1.0
38 3.0
39 2.449489742783178
40 1.0
41 3.4641016151377544
42 20.223748416156685
43 28.30194339616981
44 43.22036556994862
45 57.358521598799946
46 34.66987164671943
47 1.4142135623730951
48 1.4142135623730951
49 54.45181356024793
50 52.38320341483518
51 3.0
52 39.92492955535426
53 25.709920264364882
54 68.18357573492314
55 44.429719783046124
56 2.23606797749979
57 43.57751713900185
58 22.9128784747792
59 17.916472867168917
60 44.553338819890925
61 56.19608527290847
62 1.4142135623730951
63 1.7320508075688772
64 20.784609690826528
65 1.4142135623730951
66 1.4142135623730951
67 1.7320508075688772
68 24.020824298928627
69 6.164414002968976
70 1.0
71 48.373546489791295
72 1.7320508075688772
73 38.0
74 43.508619835614184
75 36.959437225152655
76 1.4142135623730951
77 1.0
78 3.4641016151377544
79 1.4142135623730951
80 1.0
81 1.4142135623730951
82 1.0
83 1.7320508075688772
84 1.0
85 66.01514977639603
86 40.718546143004666
87 4.123105625617661
88 1.0
89 49.25444142409901
90 1.4142135623730951
91 36.45545226711637
92 2.8284271247461903
93 4.242640687119285
94 1.7320508075688772
95 3.4641016151377544
96 32.83291031876401
97 1.7320508075688772
98 17.916472867168917
99 1.4142135623730951
100 2.449489742783178
101 26.076809620810597
102 45.088801270381985
103 1.0
104 3.3166247903554
105 1.7320508075688772
106 6.928203230275509
107 39.61060464067672
108 43.289721643826724
109 33.98529093593286
110 10.677078252031311
111 1.0
112 1.4142135623730951
113 1.4142135623730951
114 1.7320508075688772
115 2.449489742783178
116 2.0
117 5.385164807134504
118 9.0
119 7.0
120 8.48528137423857
121 1.0
122 1.0
123 1.0
124 1.4142135623730951
125 1.0
126 1.0
127 1.0
128 1.0
129 1.0
130 1.0
131 1.0
